YEAR	REG	ACC	id	vol	phi	ph7	ph8	ac	ratio	brix	mad
2019	Concordia	154	1	1.00	3.48	2.70	3.10	1.98	6.35	12.6	M
2019	Concordia	154	2	2.00	3.36	4.80	5.20	1.66	6.91	11.5	M
2019	Concordia	154	3	2.00	3.35	6.00	6.90	2.21	3.76	8.3	M
2019	Concordia	154	4	2.00	3.36	4.40	4.70	1.50	5.45	8.2	M
2019	Concordia	156	1	1.00	3.41	3.00	3.10	1.98	3.83	7.6	M
2019	Concordia	156	2	2.00	3.36	5.00	5.20	1.66	4.93	8.2	M
2019	Concordia	156	3	2.00	3.14	5.30	5.50	1.76	3.35	5.9	M
2019	Concordia	161	1	1.00	3.45	4.50	4.70	3.01	3.19	9.6	M
2019	Concordia	161	2	1.00	3.76	1.50	1.70	1.09	6.07	6.6	M
2019	Concordia	161	3	2.00	4.09	3.50	4.00	1.28	6.09	7.8	M
2019	Concordia	161	4	2.00	3.57	6.90	7.20	2.30	3.91	9.0	M
2019	Concordia	171	1	1.00	3.34	5.20	5.50	3.52	3.75	13.2	M
2019	Concordia	171	2	2.00	3.40	5.90	6.20	1.98	6.00	11.9	M
2019	Concordia	171	3	2.00	3.30	6.70	7.00	2.24	4.33	9.7	M
2019	Concordia	171	4	3.00	3.60	9.20	9.70	2.07	3.91	8.1	M
2019	Concordia	174	1	2.00	3.29	6.50	6.80	2.18	3.68	8.0	M
2019	Concordia	174	2	3.00	3.49	6.30	6.70	1.43	4.10	5.9	M
2019	Concordia	174	3	3.00	3.48	6.40	6.70	1.43	4.80	6.9	M
2019	Concordia	174	4	3.00	3.27	10.70	11.00	2.35	3.00	7.0	M
2019	Concordia	175	3	0.75	3.47	1.40	1.53	1.31	6.31	8.2	I
2019	Concordia	178	1	2.00	3.28	5.10	5.50	1.76	7.86	13.8	M
2019	Concordia	178	2	1.00	3.63	1.00	1.20	0.77	15.28	11.7	I
2019	Concordia	178	3	2.00	3.00	8.00	8.40	2.69	4.25	11.4	M
2019	Concordia	178	4	3.00	3.05	8.00	8.30	1.77	5.03	8.9	M
2019	Concordia	185	1	2.00	3.68	1.20	1.60	0.51	5.92	3.0	I
2019	Concordia	185	2	1.00	3.54	1.78	1.97	1.26	9.36	11.8	I
2019	Concordia	185	3	1.00	3.43	1.38	1.53	0.98	8.58	8.4	I
2019	Concordia	185	4	0.50	3.64	0.57	0.67	0.86	8.36	7.2	I
2019	Concordia	193	1	2.00	3.17	6.69	7.05	2.26	4.43	10.0	M
2019	Concordia	193	2	0.50	3.30	1.21	1.35	1.73	5.94	10.3	I
2019	Concordia	193	3	3.00	3.22	0.72	7.47	1.59	4.77	7.6	M
2019	Concordia	193	4	3.00	3.17	8.40	8.94	1.91	4.35	8.3	M
2019	Concordia	197	1	2.00	3.37	4.92	5.26	1.68	5.92	10.0	M
2019	Concordia	197	3	3.00	3.36	7.08	7.49	1.60	5.80	9.3	M
2019	Concordia	197	4	2.50	3.31	6.04	6.34	1.62	6.65	10.8	M
2019	Concordia	198	1	2.00	3.76	6.62	8.90	2.85	3.43	9.8	M
2019	Concordia	198	2	1.00	3.47	2.49	2.60	1.66	6.73	11.2	M
2019	Concordia	198	3	1.00	3.27	3.12	3.34	2.14	4.60	9.8	M
2019	Concordia	198	4	1.00	3.38	2.88	3.01	1.93	5.85	11.3	M
2019	Concordia	199	1	2.00	3.34	5.14	5.34	1.71	5.19	8.9	M
2019	Concordia	199	2	2.00	3.36	5.89	6.13	1.96	3.94	7.7	M
2019	Concordia	199	3	1.00	3.26	2.68	2.80	1.79	5.88	10.5	M
2019	Concordia	199	4	2.00	3.16	6.35	6.60	2.11	4.47	9.4	I
2019	Concordia	208	1	0.75	3.73	0.58	0.70	0.60	11.77	7.0	I
2019	Concordia	208	2	1.00	3.51	1.44	1.63	1.04	8.66	9.0	I
2019	Concordia	208	3	1.00	3.6	1.2	1.4	0.9	11.2	10.0	I
2019	Concordia	208	4	0.75	3.8	0.7	0.9	0.8	12.8	9.6	M
2019	Palmar	260	1	2.00	3.5	7.2	7.6	2.4	3.3	8.1	M
2019	Palmar	260	2	3.00	3.5	7.9	8.3	1.8	4.9	8.7	M
2019	Palmar	260	3	3.00	3.9	3.9	4.3	0.9	6.4	5.9	I
2019	Palmar	260	4	2.00	3.4	5.3	5.5	1.8	4.9	8.7	M
2019	Palmar	261	1	3.00	3.4	6.5	6.8	1.5	5.5	7.9	M
2019	Palmar	261	2	2.00	3.5	4.1	4.3	1.4	6.2	8.5	M
2019	Palmar	262	1	2.00	4.0	2.2	2.4	0.8	9.5	7.4	I
2019	Palmar	268	1	3.00	3.5	7.1	7.5	1.6	5.0	8.0	M
2019	Palmar	268	2	3.00	3.5	6.8	7.3	1.5	3.9	6.1	I
2019	Palmar	268	3	2.00	3.4	5.5	5.9	1.9	3.8	7.1	M
2019	Palmar	268	4	3.00	3.4	8.9	9.3	2.0	4.1	8.2	I
2019	Palmar	271	1	3.00	3.1	10.2	10.7	2.3	3.8	8.6	M
2019	Palmar	271	2	3.00	3.2	8.9	9.3	2.0	4.1	8.1	M
2019	Palmar	271	3	3.00	3.3	8.0	8.4	1.8	4.8	8.5	I
2019	Palmar	272	1	2.00	3.3	6.2	6.7	2.2	4.6	9.8	M
2019	Palmar	272	2	2.00	3.4	5.0	5.2	1.7	5.6	9.3	M
2019	Palmar	272	3	2.00	3.3	5.7	6.0	1.9	5.6	10.8	M
2019	Palmar	274	1	3.00	3.6	6.1	6.5	1.4	5.6	7.9	I
2019	Palmar	276	1	3.00	3.3	7.8	8.1	1.7	5.3	9.2	M
2019	Palmar	276	2	3.00	3.3	5.5	5.8	1.2	6.8	8.4	I
2019	Palmar	276	3	2.00	3.4	4.6	4.8	1.5	6.0	9.2	M
2019	Palmar	276	4	3.00	3.4	6.5	6.9	1.5	5.8	8.5	M
2019	Palmar	280	1	2.00	3.6	6.1	6.5	2.1	4.8	10.0	M
2019	Palmar	284	1	3.00	3.1	10.4	10.7	2.3	4.0	9.1	M
2019	Palmar	284	2	2.00	3.2	9.3	9.7	3.1	3.9	12.1	M
2019	Palmar	285	1	3.00	3.3	7.8	8.3	1.8	4.3	7.5	M
2019	Palmar	285	2	3.00	3.3	6.9	7.3	1.6	4.5	7.0	M
2019	Palmar	285	3	3.00	3.3	7.0	7.5	1.6	3.7	5.9	M
2019	Palmar	285	4	3.00	3.2	8.5	9.0	1.9	3.6	6.8	M
2019	Palmar	286	1	2.00	3.4	8.5	9.0	2.9	3.3	9.4	M
2019	Palmar	286	2	2.00	3.4	4.9	5.1	1.6	3.7	6.0	I
2019	Palmar	286	3	3.00	3.5	6.3	6.7	1.4	4.3	6.1	I
2019	Palmar	286	4	3.00	3.6	5.4	5.8	1.2	5.9	7.3	M
2019	Palmar	287	1	3.00	3.5	7.8	8.2	1.7	5.1	9.0	M
2019	Palmar	287	2	2.00	3.6	4.4	4.5	1.4	4.2	6.0	M
2019	Palmar	287	3	2.00	3.5	4.1	4.4	1.4	4.0	5.6	M
2019	Palmar	287	4	2.00	3.4	4.4	4.7	1.5	4.7	7.1	M
2019	Palmar	288	1.00	2.00	3.57	4.51	4.97	1.59	5.97	9.5	I
2019	Palmar	289	1.00	2.00	3.57	45.10	49.70	1.59	5.97	9.5	M
2019	Palmar	289	2.00	3.00	3.35	67.60	71.20	1.52	5.44	8.3	M
2019	Palmar	289	3.00	3.00	3.30	76.80	81.00	1.73	4.73	8.2	M
2019	Palmar	289	4.00	3.00	3.47	65.80	70.00	1.49	6.23	9.3	M
2019	Gualeguaychu	305	1.0	3.0	3.3	6.8	7.1	1.5	3.2	4.8	M
2019	Gualeguaychu	305	2.0	3.0	3.2	8.7	9.1	1.9	3.8	7.4	M
2019	Gualeguaychu	305	3.0	3.0	3.2	7.4	7.7	1.6	3.4	5.7	M
2019	Gualeguaychu	305	4.0	3.0	3.2	8.2	8.7	1.8	3.3	6.2	M
2019	Gualeguaychu	321	1.0	3.0	3.7	4.9	5.4	1.1	7.8	8.9	I
2019	Gualeguaychu	321	1.0	3.0	3.7	5.0	5.5	1.2	7.7	8.9	I
2019	Gualeguaychu	325	1.0	3.0	4.0	2.4	3.0	0.6	13.9	8.9	I
2019	Gualeguaychu	331	1.0	2.5	4.0	2.2	2.7	0.7	6.0	4.1	I
2019	Gualeguaychu	363	1.0	3.0	3.7	3.8	4.3	0.9	8.7	7.9	I
2021	Concordia	156	1.00	3.00	3.65	55.50	59.00	1.26	3.92	21.4	M
2021	Concordia	156	2.00	3.00	3.46	122.30	127.30	2.72	1.98	44.0	M
2021	Concordia	156	3.00	3.00	3.44	137.20	141.80	3.03	1.39	48.7	M
2021	Concordia	156	4	3.0	3.4	129.9	134.8	2.9	1.6	46.4	M
2021	Concordia	161	1	2.0	4.1	25.7	30.3	1.0	10.6	14.0	I
2021	Concordia	171	1	3.0	3.4	117.7	125.7	2.7	5.2	44.5	M
2021	Concordia	171	2	3.0	3.5	87.0	95.9	2.0	4.5	34.1	M
2021	Concordia	171	3	3.0	3.3	104.3	111.6	2.4	4.7	39.6	M
2021	Concordia	171	4	3.0	3.3	121.5	129.7	2.8	4.1	45.5	M
2021	Concordia	198	1	3.0	3.2	118.9	124.9	2.7	4.4	44.0	M
2021	Concordia	198	2	3.0	3.3	132.3	140.6	3.0	3.7	49.1	M
2021	Concordia	198	3	3.0	3.3	107.4	113.4	2.4	4.7	40.2	M
2021	Concordia	198	4	3.0	3.3	125.0	131.9	2.8	3.6	46.1	M
2021	Concordia	199	1	3.0	3.4	148.1	155.1	3.3	3.6	54.0	M
2021	Concordia	221	1	0.5	3.4	29.8	32.2	4.1	2.5	13.0	I
2021	Concordia	222	1	3.0	3.4	158.7	163.1	3.5	2.4	56.3	M
2021	Concordia	223	2	3.0	3.4	91.8	97.2	2.1	4.0	34.4	M
2021	Concordia	223	3	2.0	3.4	62.0	66.5	2.1	5.6	24.7	M
2021	Concordia	223	4	3.0	3.5	72.4	79.1	1.7	6.5	29.1	M
2021	Concordia	236	1	3.0	3.4	81.0	85.2	1.8	3.3	30.1	M
2021	Palmar	260	1	2.0	3.4	59.6	63.6	2.0	4.3	23.3	M
2021	Palmar	260	2	2.0	3.4	53.9	57.5	1.8	6.5	22.0	M
2021	Palmar	260	3	2.0	3.6	52.5	56.9	1.8	4.7	21.1	M
2021	Palmar	260	4	3.0	3.6	69.3	74.9	1.6	6.6	27.7	M
2021	Palmar	261	1	3.0	3.3	84.4	99.7	2.1	4.8	35.5	M
2021	Palmar	262	1	3.0	3.6	68.2	71.5	1.5	7.2	26.7	M
2021	Palmar	268	1	1.0	3.6	25.3	27.0	1.7	5.2	11.3	M
2021	Palmar	271	1	3.0	3.5	103.4	109.8	2.3	4.3	38.8	M
2021	Palmar	272	1	2.0	3.6	60.4	63.5	2.0	3.9	23.2	M
2021	Palmar	274	1	2.0	4.1	25.6	29.0	0.9	7.5	12.5	I
2021	Palmar	276	1	2.0	3.5	48.3	50.5	1.6	6.9	19.7	M
2021	Palmar	280	1	3.0	3.7	58.1	62.3	1.3	7.6	23.7	M
2021	Palmar	284	1	3.0	3.4	65.0	68.2	1.5	4.1	24.6	M
2021	Palmar	284	2	2.0	3.4	79.9	83.2	2.7	2.7	29.5	M
2021	Palmar	284	3	2.0	3.3	66.5	70.1	2.2	2.7	25.0	M
2021	Palmar	284	4	3.0	3.4	81.7	85.8	1.8	4.4	30.7	M
2021	Palmar	285	1	3.0	3.4	75.4	79.6	1.7	5.3	28.9	M
2021	Palmar	285	2	3.0	3.5	93.2	99.9	2.1	3.8	35.3	M
2021	Palmar	285	3	3.0	3.5	66.2	70.6	1.5	5.4	25.9	M
2021	Palmar	285	4	3.0	3.4	86.4	91.7	2.0	4.6	32.8	M
2021	Palmar	286	1	3.0	3.8	69.6	75.0	1.6	5.8	27.5	M
2021	Palmar	287	1	3.0	3.6	70.8	74.5	1.6	4.5	26.9	M
2021	Palmar	288	1	1.0	3.4	101.1	106.5	6.8	1.9	38.4	M
2021	Palmar	289	1	1.0	3.8	42.3	47.0	3.0	3.3	17.8	M
2021	Palmar	290	1	3.0	3.2	140.0	144.3	3.1	3.9	50.4	M
2021	Gualeguaychu	305	1	3.0	3.5	87.5	93.2	2.0	3.5	32.9	M
2021	Gualeguaychu	306	1	2.0	3.4	101.2	107.2	3.4	2.4	37.7	M
2021	Gualeguaychu	321	1	3.0	3.3	91.6	95.4	2.0	4.4	34.0	M
2021	Gualeguaychu	324	1	2.0	4.1	16.7	19.6	0.6	14.7	11.6	I
2021	Gualeguaychu	325	1	3.0	3.4	67.4	71.8	1.5	5.9	26.4	M
2021	Gualeguaychu	331	1	3.0	3.2	102.7	107.0	2.3	3.6	37.6	M
2021	Gualeguaychu	331	2	3.0	3.1	#¡DIV/0!	121.9	2.6	3.1	42.5	M
2021	Gualeguaychu	331	3	3.0	3.1	134.9	140.0	3.0	2.8	48.6	M
2021	Gualeguaychu	331	4	3.0	3.3	128.3	132.5	2.8	2.9	46.1	M
2021	Gualeguaychu	337	1	3.0	3.2	96.2	100.6	2.1	4.2	35.6	M
2021	Gualeguaychu	348	1	3.0	3.4	70.8	75.6	1.6	4.3	27.2	M
2021	Gualeguaychu	357	1	1.0	4.0	8.0	9.9	0.6	15.8	8.8	M
2021	Gualeguaychu	362	1	1.0	4.4	6.0	8.2	0.5	16.1	8.3	M
2021	Gualeguaychu	363	1	3.0	3.4	85.5	90.1	1.9	5.2	32.4	M
2021	Gualeguaychu	390	1	3.0	3.3	96.7	101.4	2.2	4.6	36.1	M
2021	Gualeguaychu	390	2	3.0	3.3	97.0	102.9	2.2	5.0	36.7	M
2021	Gualeguaychu	390	3	3.0	3.2	97.5	101.1	2.2	5.1	36.1	M
2021	Gualeguaychu	390	4	3.0	3.3	92.6	98.7	2.1	5.3	35.4	M
2021	Gualeguaychu	392	1	3.0	3.2	85.3	90.5	1.9	4.1	32.2	I
2021	Gualeguaychu	395	1	2.0	3.5	62.0	69.3	2.2	5.0	25.5	M
2021	Gualeguaychu	396	1	3.0	3.2	137.5	143.2	3.1	3.6	50.0	M
