CAR	MAD	REP	CONS	CONF	H	PS
Sacarosa	I	1	9.733333	1.903858	0.804398104	0.195601896
Sacarosa	I	1	7.6	1.486574	0.804398104	0.195601896
Sacarosa	I	2	20.584329	3.436976	0.833029501	0.166970499
Sacarosa	I	2	17.928287	2.993495	0.833029501	0.166970499
Sacarosa	I	3	37.21519	5.621952	0.848933947	0.151066053
Sacarosa	I	3	34.177215	5.163017	0.848933947	0.151066053
Sacarosa	M	1	75.516866	8.816889	0.8832461	0.1167539
Sacarosa	M	1	73.231774	8.550095	0.8832461	0.1167539
Sacarosa	M	2	88.505747	9.746001	0.889882843	0.110117157
Sacarosa	M	2	85.440613	9.408477	0.889882843	0.110117157
Sacarosa	M	3	87.333333	9.502912	0.891188026	0.108811974
Sacarosa	M	3	85.2	9.27078	0.891188026	0.108811974
Sacarosa	MM	1	92.607527	11.601025	0.874729139	0.125270861
Sacarosa	MM	1	93.010753	11.651537	0.874729139	0.125270861
Sacarosa	MM	2	75.238095	8.781824	0.883279556	0.116720444
Sacarosa	MM	2	76.054422	8.877106	0.883279556	0.116720444
Sacarosa	MM	3	65.113182	8.001772	0.877109796	0.122890204
Sacarosa	MM	3	64.713715	7.952682	0.877109796	0.122890204
Sacarosa	SM	1	55.939227	6.612279	0.88179531	0.11820469
Sacarosa	SM	1	55.248619	6.530646	0.88179531	0.11820469
Sacarosa	SM	2	77.123288	9.911673	0.871482742	0.128517258
Sacarosa	SM	2	76.575342	9.841253	0.871482742	0.128517258
Sacarosa	SM	3	46.067416	5.801449	0.874066104	0.125933896
Sacarosa	SM	3	45.365169	5.713012	0.874066104	0.125933896
Glucosa	I	1	93.733333	18.334418	0.804398104	0.195601896
Glucosa	I	1	92.933333	18.177936	0.804398104	0.195601896
Glucosa	I	2	100.398406	16.763572	0.833029501	0.166970499
Glucosa	I	2	100.531208	16.785746	0.833029501	0.166970499
Glucosa	I	3	93.164557	14.074002	0.848933947	0.151066053
Glucosa	I	3	92.78481	14.016635	0.848933947	0.151066053
Glucosa	M	1	95.756257	11.179916	0.8832461	0.1167539
Glucosa	M	1	98.041349	11.44671	0.8832461	0.1167539
Glucosa	M	2	96.679438	10.646065	0.889882843	0.110117157
Glucosa	M	2	98.339719	10.82889	0.889882843	0.110117157
Glucosa	M	3	119.466667	12.999404	0.891188026	0.108811974
Glucosa	M	3	121.733333	13.246044	0.891188026	0.108811974
Glucosa	MM	1	102.016129	12.779648	0.874729139	0.125270861
Glucosa	MM	1	104.166667	13.049048	0.874729139	0.125270861
Glucosa	MM	2	79.863946	9.321755	0.883279556	0.116720444
Glucosa	MM	2	82.44898	9.623482	0.883279556	0.116720444
Glucosa	MM	3	84.687084	10.407213	0.877109796	0.122890204
Glucosa	MM	3	83.754993	10.292668	0.877109796	0.122890204
Glucosa	SM	1	178.176796	21.061333	0.88179531	0.11820469
Glucosa	SM	1	179.41989	21.208272	0.88179531	0.11820469
Glucosa	SM	2	151.369863	19.45364	0.871482742	0.128517258
Glucosa	SM	2	155.205479	19.946583	0.871482742	0.128517258
Glucosa	SM	3	154.213483	19.420705	0.874066104	0.125933896
Glucosa	SM	3	160.393258	20.198948	0.874066104	0.125933896
Fructosa	I	1	157.333333	30.774698	0.804398104	0.195601896
Fructosa	I	1	156.666667	30.644297	0.804398104	0.195601896
Fructosa	I	2	157.50332	26.298408	0.833029501	0.166970499
Fructosa	I	2	156.972112	26.209712	0.833029501	0.166970499
Fructosa	I	3	136.708861	20.652068	0.848933947	0.151066053
Fructosa	I	3	135.316456	20.441723	0.848933947	0.151066053
Fructosa	M	1	153.645267	17.938684	0.8832461	0.1167539
Fructosa	M	1	153.971708	17.976798	0.8832461	0.1167539
Fructosa	M	2	152.234994	16.763685	0.889882843	0.110117157
Fructosa	M	2	151.724138	16.707431	0.889882843	0.110117157
Fructosa	M	3	183.866667	20.006895	0.891188026	0.108811974
Fructosa	M	3	183.066667	19.919845	0.891188026	0.108811974
Fructosa	MM	1	149.05914	18.672767	0.874729139	0.125270861
Fructosa	MM	1	151.478495	18.975842	0.874729139	0.125270861
Fructosa	MM	2	124.489796	14.530504	0.883279556	0.116720444
Fructosa	MM	2	125.986395	14.705188	0.883279556	0.116720444
Fructosa	MM	3	128.095872	15.741728	0.877109796	0.122890204
Fructosa	MM	3	127.296937	15.643547	0.877109796	0.122890204
Fructosa	SM	1	226.79558	26.808301	0.88179531	0.11820469
Fructosa	SM	1	227.071823	26.840954	0.88179531	0.11820469
Fructosa	SM	2	190.410959	24.471094	0.871482742	0.128517258
Fructosa	SM	2	190.410959	24.471094	0.871482742	0.128517258
Fructosa	SM	3	200.280899	25.222154	0.874066104	0.125933896
Fructosa	SM	3	200.140449	25.204467	0.874066104	0.125933896
Tartárico	I	1	0	0	0.804398104	0.195601896
Tartárico	I	1	0	0	0.804398104	0.195601896
Tartárico	I	2	0	0	0.833029501	0.166970499
Tartárico	I	2	0	0	0.833029501	0.166970499
Tartárico	I	3	0	0	0.848933947	0.151066053
Tartárico	I	3	0	0	0.848933947	0.151066053
Tartárico	M	1	0	0	0.8832461	0.1167539
Tartárico	M	1	0	0	0.8832461	0.1167539
Tartárico	M	2	0	0	0.889882843	0.110117157
Tartárico	M	2	0	0	0.889882843	0.110117157
Tartárico	M	3	0	0	0.891188026	0.108811974
Tartárico	M	3	0	0	0.891188026	0.108811974
Tartárico	MM	1	0	0	0.874729139	0.125270861
Tartárico	MM	1	0	0	0.874729139	0.125270861
Tartárico	MM	2	0	0	0.883279556	0.116720444
Tartárico	MM	2	0	0	0.883279556	0.116720444
Tartárico	MM	3	0	0	0.877109796	0.122890204
Tartárico	MM	3	0	0	0.877109796	0.122890204
Tartárico	SM	1	1.478902	0.174813	0.88179531	0.11820469
Tartárico	SM	1	1.332577	0.157517	0.88179531	0.11820469
Tartárico	SM	2	0.699287	0.08987	0.871482742	0.128517258
Tartárico	SM	2	0.13025	0.016739	0.871482742	0.128517258
Tartárico	SM	3	1.021557	0.128649	0.874066104	0.125933896
Tartárico	SM	3	0.984241	0.123949	0.874066104	0.125933896
Málico	I	1	29.229272	5.717301	0.804398104	0.195601896
Málico	I	1	23.428633	4.582685	0.804398104	0.195601896
Málico	I	2	38.476313	6.424409	0.833029501	0.166970499
Málico	I	2	42.044536	7.020197	0.833029501	0.166970499
Málico	I	3	68.117025	10.29017	0.848933947	0.151066053
Málico	I	3	68.117025	10.29017	0.848933947	0.151066053
Málico	M	1	102.273539	11.940835	0.8832461	0.1167539
Málico	M	1	102.273539	11.940835	0.8832461	0.1167539
Málico	M	2	107.461176	11.833319	0.889882843	0.110117157
Málico	M	2	110.820994	12.203293	0.889882843	0.110117157
Málico	M	3	104.027845	11.319475	0.891188026	0.108811974
Málico	M	3	104.027845	11.319475	0.891188026	0.108811974
Málico	MM	1	93.562658	11.720675	0.874729139	0.125270861
Málico	MM	1	96.325281	12.066751	0.874729139	0.125270861
Málico	MM	2	88.194047	10.294048	0.883279556	0.116720444
Málico	MM	2	89.97178	10.501546	0.883279556	0.116720444
Málico	MM	3	85.762265	10.539342	0.877109796	0.122890204
Málico	MM	3	87.321159	10.730915	0.877109796	0.122890204
Málico	SM	1	86.429116	10.216327	0.88179531	0.11820469
Málico	SM	1	84.022911	9.931902	0.88179531	0.11820469
Málico	SM	2	90.372117	11.614377	0.871482742	0.128517258
Málico	SM	2	90.622162	11.646512	0.871482742	0.128517258
Málico	SM	3	79.156509	9.968488	0.874066104	0.125933896
Málico	SM	3	78.16478	9.843595	0.874066104	0.125933896
Quínico	I	1	0	0	0.804398104	0.195601896
Quínico	I	1	0	0	0.804398104	0.195601896
Quínico	I	2	0	0	0.833029501	0.166970499
Quínico	I	2	0	0	0.833029501	0.166970499
Quínico	I	3	1.32199	0.199708	0.848933947	0.151066053
Quínico	I	3	1.32199	0.199708	0.848933947	0.151066053
Quínico	M	1	25.203008	2.942549	0.8832461	0.1167539
Quínico	M	1	25.796761	3.011872	0.8832461	0.1167539
Quínico	M	2	20.401313	2.246535	0.889882843	0.110117157
Quínico	M	2	21.966191	2.418855	0.889882843	0.110117157
Quínico	M	3	21.382788	2.326703	0.891188026	0.108811974
Quínico	M	3	21.382788	2.326703	0.891188026	0.108811974
Quínico	MM	1	24.253325	3.038235	0.874729139	0.125270861
Quínico	MM	1	29.904133	3.746117	0.874729139	0.125270861
Quínico	MM	2	25.924222	3.025887	0.883279556	0.116720444
Quínico	MM	2	29.264418	3.415756	0.883279556	0.116720444
Quínico	MM	3	20.277133	2.491861	0.877109796	0.122890204
Quínico	MM	3	22.282407	2.738289	0.877109796	0.122890204
Quínico	SM	1	26.054693	3.079787	0.88179531	0.11820469
Quínico	SM	1	20.574923	2.432052	0.88179531	0.11820469
Quínico	SM	2	26.230521	3.371075	0.871482742	0.128517258
Quínico	SM	2	26.628906	3.422274	0.871482742	0.128517258
Quínico	SM	3	18.849386	2.373777	0.874066104	0.125933896
Quínico	SM	3	19.184118	2.415931	0.874066104	0.125933896
Succínico	I	1	117.892093	23.059917	0.804398104	0.195601896
Succínico	I	1	101.748932	19.902284	0.804398104	0.195601896
Succínico	I	2	107.316134	17.918628	0.833029501	0.166970499
Succínico	I	2	112.879726	18.847584	0.833029501	0.166970499
Succínico	I	3	117.082017	17.687118	0.848933947	0.151066053
Succínico	I	3	117.082017	17.687118	0.848933947	0.151066053
Succínico	M	1	94.29765	11.009618	0.8832461	0.1167539
Succínico	M	1	94.29765	11.009618	0.8832461	0.1167539
Succínico	M	2	99.780542	10.98755	0.889882843	0.110117157
Succínico	M	2	98.478955	10.844223	0.889882843	0.110117157
Succínico	M	3	106.138759	11.549168	0.891188026	0.108811974
Succínico	M	3	103.629883	11.276172	0.891188026	0.108811974
Succínico	MM	1	97.675706	12.23592	0.874729139	0.125270861
Succínico	MM	1	97.675706	12.23592	0.874729139	0.125270861
Succínico	MM	2	90.895755	10.609393	0.883279556	0.116720444
Succínico	MM	2	94.048768	10.977414	0.883279556	0.116720444
Succínico	MM	3	88.183893	10.836937	0.877109796	0.122890204
Succínico	MM	3	86.409726	10.618909	0.877109796	0.122890204
Succínico	SM	1	132.233133	15.630576	0.88179531	0.11820469
Succínico	SM	1	129.223995	15.274882	0.88179531	0.11820469
Succínico	SM	2	106.226374	13.651922	0.871482742	0.128517258
Succínico	SM	2	101.447209	13.037717	0.871482742	0.128517258
Succínico	SM	3	112.739884	14.197773	0.874066104	0.125933896
Succínico	SM	3	112.060313	14.112192	0.874066104	0.125933896
glufru	I	1	0.595763	0.595763	0.804398104	0.195601896
glufru	I	1	0.593191	0.593191	0.804398104	0.195601896
glufru	I	2	0.637437	0.637437	0.833029501	0.166970499
glufru	I	2	0.64044	0.64044	0.833029501	0.166970499
glufru	I	3	0.681481	0.681481	0.848933947	0.151066053
glufru	I	3	0.685688	0.685688	0.848933947	0.151066053
glufru	M	1	0.623229	0.623229	0.8832461	0.1167539
glufru	M	1	0.636749	0.636749	0.8832461	0.1167539
glufru	M	2	0.635067	0.635067	0.889882843	0.110117157
glufru	M	2	0.648148	0.648148	0.889882843	0.110117157
glufru	M	3	0.649746	0.649746	0.891188026	0.108811974
glufru	M	3	0.664967	0.664967	0.891188026	0.108811974
glufru	MM	1	0.6844	0.6844	0.874729139	0.125270861
glufru	MM	1	0.687666	0.687666	0.874729139	0.125270861
glufru	MM	2	0.64153	0.64153	0.883279556	0.116720444
glufru	MM	2	0.654428	0.654428	0.883279556	0.116720444
glufru	MM	3	0.661123	0.661123	0.877109796	0.122890204
glufru	MM	3	0.65795	0.65795	0.877109796	0.122890204
glufru	SM	1	0.785627	0.785627	0.88179531	0.11820469
glufru	SM	1	0.790146	0.790146	0.88179531	0.11820469
glufru	SM	2	0.794964	0.794964	0.871482742	0.128517258
glufru	SM	2	0.815108	0.815108	0.871482742	0.128517258
glufru	SM	3	0.769986	0.769986	0.874066104	0.125933896
glufru	SM	3	0.801404	0.801404	0.874066104	0.125933896
ATT	I	1	1.7216	1.7216	0.828787184	0.171212816
ATT	I	2	1.8176	1.8176	0.828787184	0.171212816
ATT	I	3	1.7984	1.7984	0.828787184	0.171212816
ATT	MM	1	1.5872	1.5872	0.87837283	0.12162717
ATT	MM	2	1.5936	1.5936	0.87837283	0.12162717
ATT	MM	3	1.6384	1.6384	0.87837283	0.12162717
ATT	M	1	2.0608	2.0608	0.888105656	0.111894344
ATT	M	2	1.68	1.68	0.888105656	0.111894344
ATT	M	3	1.744	1.744	0.888105656	0.111894344
ATT	SM	1	1.3056	1.3056	0.875781385	0.124218615
ATT	SM	2	1.376	1.376	0.875781385	0.124218615
ATT	SM	3	1.472	1.472	0.875781385	0.124218615
