YEAR	REG	ACC	N	PFF	DE
2021	Concordia	154	1	4.851	20.22
2021	Concordia	154	2	10.031	31.05
2021	Concordia	154	3	10.043	30.18
2021	Concordia	154	4	5.327	24.04
2021	Concordia	154	5	4.868	21.01
2021	Concordia	154	6	12.099	32.17
2021	Concordia	154	7	3.895	19.18
2021	Concordia	154	8	2.9	17.39
2021	Concordia	154	9	7.81	25.41
2021	Concordia	154	10	1.495	15.16
2021	Concordia	154	11	7.265	25.35
2021	Concordia	154	12	5.725	22.23
2021	Concordia	156	1	1.543	14.07
2021	Concordia	156	2	4.421	21.45
2021	Concordia	156	3	0.518	9.62
2021	Concordia	156	4	1.365	13.01
2021	Concordia	156	5	3.229	18.07
2021	Concordia	156	6	2.927	18.11
2021	Concordia	156	7	0.542	10.12
2021	Concordia	156	8	5.906	25.45
2021	Concordia	161	1	5.222	22.15
2021	Concordia	161	2	6.21	25.68
2021	Concordia	161	3	3.512	19.09
2021	Concordia	161	4	12.845	31.43
2021	Concordia	161	5	4.127	20.51
2021	Concordia	161	6	3.842	18.56
2021	Concordia	161	7	4.234	19.63
2021	Concordia	161	8	5.3	19.68
2021	Concordia	161	9	2.021	15.17
2021	Concordia	161	10	3.102	20.54
2021	Concordia	161	11	5.804	24.29
2021	Concordia	161	12	2.744	17.34
2021	Concordia	171	1	15.883	33.51
2021	Concordia	171	2	10.68	27.16
2021	Concordia	171	3	5.916	23.79
2021	Concordia	171	4	6.002	23.73
2021	Concordia	171	5	11.594	33.84
2021	Concordia	171	6	14.486	34.41
2021	Concordia	171	7	15.574	34.62
2021	Concordia	171	8	15.65	34.42
2021	Concordia	171	9	9.202	28.41
2021	Concordia	171	10	3.39	18.63
2021	Concordia	171	11	17.452	35.33
2021	Concordia	171	12	17.389	37.69
2021	Concordia	174	1	4.348	20.58
2021	Concordia	174	2	7.001	25.13
2021	Concordia	174	3	2.841	17.69
2021	Concordia	174	4	9.697	27.3
2021	Concordia	174	5	4.641	20.65
2021	Concordia	174	6	1.6	13.87
2021	Concordia	174	7	5.467	23.22
2021	Concordia	174	8	1.112	12.39
2021	Concordia	174	9	7.591	27.84
2021	Concordia	174	10	5.768	22.19
2021	Concordia	174	11	6.63	23.45
2021	Concordia	174	12	2.918	17.53
2021	Concordia	178	1	10.676	29.44
2021	Concordia	178	2	5.695	21.98
2021	Concordia	178	3	2.743	16.68
2021	Concordia	178	4	2.03	14.86
2021	Concordia	178	5	1.631	13.94
2021	Concordia	178	6	1.229	11.83
2021	Concordia	178	7	0.546	9.21
2021	Concordia	178	8	0.361	7.92
2021	Concordia	178	9	0.392	8.68
2021	Concordia	178	10	0.164	5.65
2021	Concordia	178	11	0.204	7.01
2021	Concordia	178	12	0.105	5.25
2021	Concordia	185	1	10.196	26.25
2021	Concordia	185	2	2.551	17.39
2021	Concordia	185	3	2.331	15.19
2021	Concordia	185	4	2.603	16.93
2021	Concordia	185	5	2.08	14.34
2021	Concordia	185	6	1.765	15.02
2021	Concordia	185	7	1.162	12.55
2021	Concordia	185	8	1.526	13.87
2021	Concordia	185	9	0.63	10.25
2021	Concordia	185	10	0.918	12.15
2021	Concordia	185	11	0.529	9.35
2021	Concordia	185	12	0.749	10.43
2021	Concordia	190	1	8.552	26.93
2021	Concordia	190	2	2.9	16.67
2021	Concordia	190	3	1.724	13.82
2021	Concordia	193	1	10.741	29.69
2021	Concordia	193	2	5.641	23.49
2021	Concordia	193	3	6.527	24.68
2021	Concordia	193	4	1.538	13.86
2021	Concordia	193	5	4.239	22.18
2021	Concordia	193	6	2.926	18.31
2021	Concordia	193	7	8.689	26.56
2021	Concordia	193	8	4.166	22.49
2021	Concordia	193	9	2.961	18.7
2021	Concordia	193	10	4.775	23.99
2021	Concordia	193	11	1.575	14.04
2021	Concordia	193	12	4.253	21.06
2021	Concordia	197	1	2.866	18.09
2021	Concordia	197	2	5.23	22.03
2021	Concordia	197	3	1.663	14.51
2021	Concordia	197	4	4.257	20.62
2021	Concordia	197	5	1.309	13.36
2021	Concordia	197	6	1.107	12.71
2021	Concordia	197	7	4.135	22.51
2021	Concordia	197	8	0.735	11.36
2021	Concordia	197	9	2.105	16.84
2021	Concordia	197	10	3.15	19.45
2021	Concordia	197	11	1.963	15.82
2021	Concordia	197	12	3.291	19.07
2021	Concordia	198	1	20.207	36.04
2021	Concordia	198	2	13.481	29.6
2021	Concordia	198	3	10.058	26.92
2021	Concordia	198	4	12.97	30.72
2021	Concordia	198	5	6.193	22.44
2021	Concordia	198	6	3.414	18.78
2021	Concordia	198	7	12.241	27.23
2021	Concordia	198	8	7.079	25.28
2021	Concordia	198	9	25.63	42.64
2021	Concordia	198	10	6	23.62
2021	Concordia	198	11	15.705	32.83
2021	Concordia	198	12	11.688	31.93
2021	Concordia	199	1	3.176	16.81
2021	Concordia	199	2	10.513	27.01
2021	Concordia	199	3	10.263	27.17
2021	Concordia	199	4	17.048	35.01
2021	Concordia	199	5	14.128	30.74
2021	Concordia	199	6	14.859	27.18
2021	Concordia	199	7	8.103	25.67
2021	Concordia	199	8	24.496	39.17
2021	Concordia	199	9	13.108	29.36
2021	Concordia	199	10	11.15	29.07
2021	Concordia	199	11	12.466	30.16
2021	Concordia	199	12	9.138	26.71
2021	Concordia	208	1	3.883	18.71
2021	Concordia	208	2	1.833	14.79
2021	Concordia	208	3	0.359	8.49
2021	Concordia	208	4	1.268	14.14
2021	Concordia	208	5	1.963	14.11
2021	Concordia	208	6	0.532	9.23
2021	Concordia	208	7	1.431	13.4
2021	Concordia	208	8	0.49	9.62
2021	Concordia	208	9	0.61	9.31
2021	Concordia	208	10	0.597	10.18
2021	Concordia	208	11	1.241	13.44
2021	Concordia	208	12	1.434	12.48
2021	Concordia	221	1	8.821	26.13
2021	Concordia	221	2	4.75	21.43
2021	Concordia	221	3	7.48	23.98
2021	Concordia	221	4	9.915	24.68
2021	Concordia	221	5	11.661	28.12
2021	Concordia	221	6	7.858	24.6
2021	Concordia	221	7	4.994	21.04
2021	Concordia	221	8	5.304	22.01
2021	Concordia	221	9	6.128	22.28
2021	Concordia	221	10	5.055	20.34
2021	Concordia	221	11	5.294	22.7
2021	Concordia	221	12	3.58	18.64
2021	Concordia	222	1	6.705	25.43
2021	Concordia	222	2	1.594	13.81
2021	Concordia	222	3	5.088	23.27
2021	Concordia	222	4	7.33	25.26
2021	Concordia	222	5	1.727	14.07
2021	Concordia	222	6	7.291	25.22
2021	Concordia	222	7	4.556	20.37
2021	Concordia	222	8	5.453	25.63
2021	Concordia	222	9	4.501	21.65
2021	Concordia	222	10	2.959	17.13
2021	Concordia	222	11	2.421	17.06
2021	Concordia	222	12	3.254	19.59
2021	Concordia	223	1	10.263	27.35
2021	Concordia	223	2	13.525	33.04
2021	Concordia	223	3	10.482	29.25
2021	Concordia	223	4	6.049	23.47
2021	Concordia	223	5	5.942	22.53
2021	Concordia	223	6	9.68	28.42
2021	Concordia	223	7	11.45	32.01
2021	Concordia	223	8	11.97	30.3
2021	Concordia	223	9	5.484	26.06
2021	Concordia	223	10	15.015	35.16
2021	Concordia	223	11	14.69	31.557
2021	Concordia	223	12	2.397	14.83
2021	Palmar	260	1	9.636	27.33
2021	Palmar	260	2	19.79	34.71
2021	Palmar	260	3	13.304	31.22
2021	Palmar	260	4	19.03	35.27
2021	Palmar	260	5	21.841	41.64
2021	Palmar	260	6	17.563	34.16
2021	Palmar	260	7	11.444	31.55
2021	Palmar	260	8	14.402	30.46
2021	Palmar	260	9	10.096	31.3
2021	Palmar	260	10	22.82	38.63
2021	Palmar	260	11	13.63	33.06
2021	Palmar	260	12	13.72	35.5
2021	Palmar	261	1	5.927	25.62
2021	Palmar	261	2	8.865	25.32
2021	Palmar	261	3	7.458	24.05
2021	Palmar	261	4	6.899	24.7
2021	Palmar	261	5	6.006	23.34
2021	Palmar	261	6	8.65	27.98
2021	Palmar	262	1	9.369	27.38
2021	Palmar	262	2	6.34	25.45
2021	Palmar	262	3	15.505	36.73
2021	Palmar	262	4	12.176	32.13
2021	Palmar	262	5	3.149	18.41
2021	Palmar	262	6	6.019	24.34
2021	Palmar	262	7	3.32	21.11
2021	Palmar	262	8	11.609	30.62
2021	Palmar	262	9	3.875	22.33
2021	Palmar	262	10	7.487	28.61
2021	Palmar	268	1	7.76	27.56
2021	Palmar	268	2	5.057	21.99
2021	Palmar	268	3	12.74	29.17
2021	Palmar	268	4	9.77	29.34
2021	Palmar	268	5	6.28	25.21
2021	Palmar	268	6	4.08	20.15
2021	Palmar	271	1	19.383	37.12
2021	Palmar	271	2	21.415	40.82
2021	Palmar	271	3	8.668	26.8
2021	Palmar	271	4	24.228	44.38
2021	Palmar	271	5	15.464	32.18
2021	Palmar	271	6	23.314	39.8
2021	Palmar	271	7	5.796	23.27
2021	Palmar	271	8	11.976	30.8
2021	Palmar	271	9	18.632	33.82
2021	Palmar	271	10	24.916	41.06
2021	Palmar	271	11	26.586	42.04
2021	Palmar	271	12	17.778	36.6
2021	Palmar	272	1	5.694	22.48
2021	Palmar	272	2	4.83	22.88
2021	Palmar	272	3	8.806	30.36
2021	Palmar	272	4	14.873	34.02
2021	Palmar	272	5	10.081	27.98
2021	Palmar	272	6	6.509	23.5
2021	Palmar	272	7	15.348	36.96
2021	Palmar	272	8	10.328	31.52
2021	Palmar	274	1	17.745	40.34
2021	Palmar	274	2	12.06	35.57
2021	Palmar	274	3	8.95	28.67
2021	Palmar	274	4	7.377	25.17
2021	Palmar	274	5	3.14	19.9
2021	Palmar	274	6	5.13	23.24
2021	Palmar	276	1	14.776	35.14
2021	Palmar	276	2	6.209	24.36
2021	Palmar	276	3	12.693	31.51
2021	Palmar	276	4	28.955	43.32
2021	Palmar	276	5	18.56	37.98
2021	Palmar	276	6	21.359	41.9
2021	Palmar	276	7	6.935	27.08
2021	Palmar	276	8	8.642	27.93
2021	Palmar	276	9	20.404	39.42
2021	Palmar	276	10	8.813	27.43
2021	Palmar	280	1	6.18	23.63
2021	Palmar	280	2	6.404	23.35
2021	Palmar	280	3	5.92	24.32
2021	Palmar	280	4	8.992	27.58
2021	Palmar	280	5	3.548	20.33
2021	Palmar	280	6	2.75	20.45
2021	Palmar	280	7	8.114	26.47
2021	Palmar	280	8	5.748	23.38
2021	Palmar	281	1	9.301	26.47
2021	Palmar	281	2	5.255	22.06
2021	Palmar	281	3	2.723	17.09
2021	Palmar	284	1	24.894	42.62
2021	Palmar	284	2	19.199	39.14
2021	Palmar	284	3	21.405	37.24
2021	Palmar	284	4	19.932	40.01
2021	Palmar	284	5	14.628	30.2
2021	Palmar	284	6	15	32.85
2021	Palmar	284	7	12.066	35.23
2021	Palmar	284	8	21.103	38.33
2021	Palmar	284	9	21.734	41.62
2021	Palmar	284	10	10.986	31.81
2021	Palmar	284	11	30.213	43.63
2021	Palmar	284	12	25.34	42.85
2021	Palmar	285	1	12.384	31.36
2021	Palmar	285	2	15.219	33.51
2021	Palmar	285	3	15.276	33.79
2021	Palmar	285	4	15.726	33.12
2021	Palmar	285	5	13.412	31.32
2021	Palmar	285	6	9.468	26.9
2021	Palmar	285	7	19.6	35.06
2021	Palmar	285	8	15.773	32.7
2021	Palmar	285	9	6.53	22.92
2021	Palmar	285	10	16.93	34.56
2021	Palmar	285	11	17.53	39.09
2021	Palmar	285	12	23.698	36.78
2021	Palmar	286	1	8.288	26.34
2021	Palmar	286	2	11.089	28.52
2021	Palmar	286	3	6.167	23.63
2021	Palmar	286	4	9.888	30.83
2021	Palmar	286	5	16.42	34.45
2021	Palmar	286	6	6.18	23.41
2021	Palmar	286	7	11.543	30.75
2021	Palmar	286	8	8.76	27.06
2021	Palmar	286	9	16.214	33.64
2021	Palmar	286	10	9.509	27.42
2021	Palmar	287	1	11.196	26.99
2021	Palmar	287	2	18.809	33.96
2021	Palmar	287	3	16.65	36.34
2021	Palmar	287	4	7.879	27.72
2021	Palmar	287	5	6.28	24.59
2021	Palmar	287	6	12.825	28.63
2021	Palmar	287	7	8.91	25.98
2021	Palmar	287	8	5.25	22.66
2021	Palmar	287	9	6.689	24.76
2021	Palmar	287	10	6.095	24.66
2021	Palmar	287	11	3.179	18.77
2021	Palmar	287	12	5.475	23.32
2021	Palmar	288	1	14.479	34.98
2021	Palmar	288	2	22.24	39.6
2021	Palmar	288	3	8.18	27.68
2021	Palmar	288	4	14.012	31.85
2021	Palmar	288	5	20.13	34.1
2021	Palmar	288	6	8.19	27.37
2021	Palmar	288	7	17.005	35.31
2021	Palmar	288	8	11.52	32.75
2021	Palmar	288	9	6.948	24.18
2021	Palmar	288	10	14.345	32.51
2021	Palmar	289	1	2.791	16.49
2021	Palmar	289	2	4.64	22.2
2021	Palmar	289	3	8.942	27.18
2021	Palmar	289	4	7.312	27.58
2021	Palmar	289	5	6.14	23.79
2021	Palmar	289	6	3.293	21.83
2021	Palmar	289	7	8.334	24.95
2021	Palmar	289	8	7.997	25.54
2021	Palmar	289	9	4.436	19.95
2021	Palmar	289	10	4.901	23.25
2021	Palmar	289	11	3.61	18.29
2021	Palmar	289	12	11.585	30.26
2021	Palmar	236	1	11.594	33.56
2021	Palmar	236	2	9.16	26.35
2021	Palmar	236	3	17.556	36.64
2021	Palmar	236	4	34.927	48.63
2021	Palmar	236	5	12.86	31.48
2021	Palmar	236	6	7.173	30.92
2021	Palmar	236	7	5.406	21.49
2021	Palmar	236	8	15.319	33.6
2021	Palmar	236	9	6.408	23.77
2021	Palmar	236	10	13.672	32.44
2021	Palmar	236	11	18.814	36.9
2021	Palmar	236	12	18.879	37.31
2021	Palmar	290	1	21.49	33.51
2021	Palmar	290	2	40.22	41.38
2021	Palmar	290	3	25.13	33.77
2021	Palmar	290	4	26.87	36
2021	Palmar	290	5	16.17	30.88
2021	Palmar	290	6	15.62	30.84
2021	Palmar	290	7	10.598	26.79
2021	Palmar	290	8	8.96	23.72
2021	Palmar	290	9	21.714	33.1
2021	Palmar	290	10	25.955	35.55
2021	Gualeguaychu	305	1	15.165	33.57
2021	Gualeguaychu	305	2	12.555	32.2
2021	Gualeguaychu	305	3	13.443	30.98
2021	Gualeguaychu	305	4	18.994	36.52
2021	Gualeguaychu	305	5	15.255	35.89
2021	Gualeguaychu	305	6	11.579	29.69
2021	Gualeguaychu	305	7	10.928	29.29
2021	Gualeguaychu	305	8	10.47	27.76
2021	Gualeguaychu	305	9	12.358	29.78
2021	Gualeguaychu	305	10	14.686	35.1
2021	Gualeguaychu	305	11	6.319	23.2
2021	Gualeguaychu	305	12	10.092	25.3
2021	Gualeguaychu	306	1	22.06	43.35
2021	Gualeguaychu	306	2	24.613	40
2021	Gualeguaychu	306	3	15.291	30.68
2021	Gualeguaychu	306	4	23.241	36.13
2021	Gualeguaychu	306	5	12.869	32.5
2021	Gualeguaychu	306	6	34.15	47.23
2021	Gualeguaychu	306	7	18.5	36.92
2021	Gualeguaychu	306	8	9.235	28.04
2021	Gualeguaychu	306	9	17.964	36.71
2021	Gualeguaychu	306	10	9.425	28.58
2021	Gualeguaychu	306	11	14.65	33.5
2021	Gualeguaychu	306	12	18.461	35.84
2021	Gualeguaychu	321	1	20.35	42.15
2021	Gualeguaychu	321	2	22.198	35.89
2021	Gualeguaychu	321	3	20.28	36.44
2021	Gualeguaychu	321	4	11.08	30.49
2021	Gualeguaychu	321	5	16.21	35.2
2021	Gualeguaychu	321	6	16.636	34.07
2021	Gualeguaychu	321	7	11.98	27.44
2021	Gualeguaychu	321	8	7.06	24.89
2021	Gualeguaychu	321	9	11.959	30.69
2021	Gualeguaychu	321	10	9.446	26.69
2021	Gualeguaychu	321	11	8.091	25.2
2021	Gualeguaychu	321	12	17.235	35.97
2021	Gualeguaychu	324	1	17.93	32.77
2021	Gualeguaychu	324	2	32.46	44.3
2021	Gualeguaychu	324	3	11.29	27.59
2021	Gualeguaychu	324	4	9.696	27.88
2021	Gualeguaychu	324	5	16.76	35.01
2021	Gualeguaychu	324	6	15.599	31.02
2021	Gualeguaychu	324	7	17.888	34.86
2021	Gualeguaychu	324	8	11.28	28.06
2021	Gualeguaychu	324	9	12.28	28.31
2021	Gualeguaychu	324	10	13.637	30.21
2021	Gualeguaychu	325	1	12.899	29.22
2021	Gualeguaychu	325	2	11.828	27.33
2021	Gualeguaychu	325	3	12.322	27.74
2021	Gualeguaychu	325	4	11.55	28.25
2021	Gualeguaychu	325	5	14.492	30.74
2021	Gualeguaychu	325	6	6.234	21.5
2021	Gualeguaychu	325	7	6.83	22.77
2021	Gualeguaychu	325	8	18.352	32.7
2021	Gualeguaychu	325	9	12.575	28.65
2021	Gualeguaychu	325	10	10.194	25.68
2021	Gualeguaychu	325	11	8.005	24.54
2021	Gualeguaychu	325	12	13.372	30.64
2021	Gualeguaychu	331	1	19.26	38.64
2021	Gualeguaychu	331	2	13.446	32.69
2021	Gualeguaychu	331	3	24.552	41.56
2021	Gualeguaychu	331	4	21.645	42.81
2021	Gualeguaychu	331	5	13.77	31.41
2021	Gualeguaychu	331	6	18.669	36.25
2021	Gualeguaychu	331	7	14.699	32.69
2021	Gualeguaychu	331	8	10.185	28.77
2021	Gualeguaychu	331	9	18.488	35.81
2021	Gualeguaychu	331	10	14.52	33.19
2021	Gualeguaychu	331	11	16.095	34.73
2021	Gualeguaychu	331	12	11.246	32.42
2021	Gualeguaychu	337	1	15.407	35.6
2021	Gualeguaychu	337	2	15.81	33.82
2021	Gualeguaychu	337	3	36.4	48.02
2021	Gualeguaychu	337	4	5.606	21.87
2021	Gualeguaychu	337	5	13.404	27.63
2021	Gualeguaychu	337	6	7.21	27.07
2021	Gualeguaychu	337	7	12.098	30.27
2021	Gualeguaychu	337	8	20.298	35.98
2021	Gualeguaychu	337	9	12.38	32.88
2021	Gualeguaychu	337	10	19.378	36.36
2021	Gualeguaychu	337	11	14.988	31.81
2021	Gualeguaychu	337	12	24.523	39.53
2021	Gualeguaychu	348	1	28.05	40.56
2021	Gualeguaychu	348	2	14.666	30.51
2021	Gualeguaychu	348	3	12.58	31.91
2021	Gualeguaychu	348	4	6.265	21.59
2021	Gualeguaychu	348	5	12.185	29.87
2021	Gualeguaychu	348	6	6.799	23.96
2021	Gualeguaychu	348	7	16.211	35.05
2021	Gualeguaychu	348	8	14.298	30.01
2021	Gualeguaychu	357	1	7.428	23.3
2021	Gualeguaychu	357	2	8.096	24.92
2021	Gualeguaychu	357	3	7.837	24.16
2021	Gualeguaychu	357	4	5.512	22.09
2021	Gualeguaychu	357	5	4.051	19.96
2021	Gualeguaychu	359	1	3.335	18.46
2021	Gualeguaychu	359	2	0.745	11.94
2021	Gualeguaychu	362	1	10.19	29.84
2021	Gualeguaychu	362	2	7.736	25.18
2021	Gualeguaychu	362	3	10.675	229.8
2021	Gualeguaychu	362	4	15.115	36.22
2021	Gualeguaychu	362	5	5.763	22.47
2021	Gualeguaychu	362	6	10.39	28.63
2021	Gualeguaychu	362	7	9.592	25.63
2021	Gualeguaychu	362	8	13.626	29.68
2021	Gualeguaychu	363	1	18.92	34.3
2021	Gualeguaychu	363	2	13.67	31.24
2021	Gualeguaychu	363	3	45.5	47.05
2021	Gualeguaychu	363	4	20.609	36.71
2021	Gualeguaychu	363	5	17.35	36.13
2021	Gualeguaychu	363	6	26.85	40.35
2021	Gualeguaychu	364	1	1.788	14.6
2021	Gualeguaychu	364	2	7.63	26.38
2021	Gualeguaychu	364	3	5.202	21.33
2021	Gualeguaychu	364	4	8.43	26.54
2021	Gualeguaychu	364	5	6.445	26.53
2021	Gualeguaychu	390	1	13.496	34.44
2021	Gualeguaychu	390	2	15.299	35.44
2021	Gualeguaychu	390	3	11.15	27.73
2021	Gualeguaychu	390	4	19.45	39.22
2021	Gualeguaychu	390	5	9.73	29.56
2021	Gualeguaychu	390	6	6.345	24.2
2021	Gualeguaychu	390	7	9.035	27.45
2021	Gualeguaychu	390	8	12.409	32.55
2021	Gualeguaychu	390	9	13.81	34.12
2021	Gualeguaychu	390	10	12.73	30.8
2021	Gualeguaychu	390	11	16.19	35.86
2021	Gualeguaychu	390	12	8.55	26.19
2021	Gualeguaychu	392	1	5.988	25.26
2021	Gualeguaychu	392	2	8.916	26.14
2021	Gualeguaychu	392	3	10.12	31.05
2021	Gualeguaychu	392	4	6.175	26.95
2021	Gualeguaychu	392	5	7.13	28
2021	Gualeguaychu	392	6	19.75	43.12
2021	Gualeguaychu	392	7	7.52	26.89
2021	Gualeguaychu	392	8	7.033	24.53
2021	Gualeguaychu	392	9	9.02	25.1
2021	Gualeguaychu	392	10	8.153	28.59
2021	Gualeguaychu	392	11	10.715	33.36
2021	Gualeguaychu	392	12	11	28.05
2021	Gualeguaychu	395	1	12.072	29.85
2021	Gualeguaychu	395	2	11.727	29.66
2021	Gualeguaychu	395	3	6.145	25.46
2021	Gualeguaychu	395	4	9.164	24.46
2021	Gualeguaychu	395	5	11.688	29.36
2021	Gualeguaychu	395	6	8.033	26.73
2021	Gualeguaychu	395	7	11.521	30.79
2021	Gualeguaychu	395	8	8.375	27.28
2021	Gualeguaychu	395	9	10.435	26.2
2021	Gualeguaychu	395	10	10.159	27.88
2021	Gualeguaychu	395	11	9.523	27.43
2021	Gualeguaychu	395	12	11.385	29.84
2021	Gualeguaychu	396	1	9.81	28.15
2021	Gualeguaychu	396	2	5.71	22.78
2021	Gualeguaychu	396	3	7.23	26.03
2021	Gualeguaychu	396	4	13.97	32.37
2021	Gualeguaychu	396	5	15.6	32.27
2021	Gualeguaychu	396	6	10.769	29.13
2021	Gualeguaychu	396	7	27.1	43.49
2021	Gualeguaychu	396	8	15.25	33.69
2021	Gualeguaychu	396	9	8.76	28.32
2021	Gualeguaychu	396	10	19.622	37.3
2021	Gualeguaychu	396	11	11.71	30.27
2021	Gualeguaychu	396	12	6.208	25.69
2019	Concordia	154	1	5.805	24.480
2019	Concordia	154	2	16.575	38.920
2019	Concordia	154	3	9.988	32.050
2019	Concordia	154	4	11.740	31.560
2019	Concordia	154	5	20.375	44.070
2019	Concordia	154	6	4.630	21.450
2019	Concordia	154	7	7.542	28.880
2019	Concordia	154	8	12.034	35.000
2019	Concordia	154	9	12.658	33.580
2019	Concordia	154	10	13.183	34.770
2019	Concordia	154	11	12.115	33.440
2019	Concordia	154	12	6.840	26.120
2019	Concordia	156	1	5.628	23.740
2019	Concordia	156	2	13.700	34.490
2019	Concordia	156	3	20.385	39.730
2019	Concordia	156	4	4.995	20.430
2019	Concordia	156	5	3.425	18.610
2019	Concordia	156	6	7.975	25.570
2019	Concordia	156	7	21.628	40.280
2019	Concordia	156	8	11.058	29.980
2019	Concordia	156	9	10.408	30.620
2019	Concordia	156	10	15.175	35.180
2019	Concordia	156	11	14.908	37.790
2019	Concordia	156	12	18.318	40.480
2019	Concordia	161	1	4.364	19.730
2019	Concordia	161	2	27.263	45.930
2019	Concordia	161	3	9.447	29.940
2019	Concordia	161	4	6.547	22.880
2019	Concordia	161	5	10.073	29.570
2019	Concordia	161	6	20.581	40.780
2019	Concordia	161	7	12.153	32.670
2019	Concordia	161	8	17.343	38.100
2019	Concordia	161	9	12.687	31.040
2019	Concordia	161	10	16.034	37.420
2019	Concordia	161	11	11.949	32.470
2019	Concordia	161	12	8.336	28.840
2019	Concordia	171	1	22.894	43.220
2019	Concordia	171	2	15.958	35.060
2019	Concordia	171	3	9.490	9.420
2019	Concordia	171	4	25.678	45.310
2019	Concordia	171	5	6.436	25.190
2019	Concordia	171	6	15.682	34.230
2019	Concordia	171	7	14.075	36.200
2019	Concordia	171	8	12.664	32.490
2019	Concordia	171	9	6.707	24.420
2019	Concordia	171	10	18.132	36.750
2019	Concordia	171	11	12.789	32.860
2019	Concordia	171	12	15.125	36.860
2019	Concordia	174	1	6.784	26.210
2019	Concordia	174	2	7.983	26.670
2019	Concordia	174	3	4.657	21.890
2019	Concordia	174	4	16.345	33.000
2019	Concordia	174	5	5.846	25.390
2019	Concordia	174	6	8.396	20.070
2019	Concordia	174	7	16.341	36.070
2019	Concordia	174	8	9.235	29.120
2019	Concordia	174	9	8.896	29.000
2019	Concordia	174	10	16.537	37.030
2019	Concordia	174	11	8.997	30.330
2019	Concordia	174	12	8.678	28.570
2019	Concordia	175	1	2.545	19.080
2019	Concordia	175	2	2.707	18.050
2019	Concordia	175	3	11.229	28.920
2019	Concordia	175	4	2.441	17.570
2019	Concordia	175	5	12.029	30.480
2019	Concordia	175	6	4.072	19.800
2019	Concordia	178	1	4.469	20.270
2019	Concordia	178	2	13.034	31.790
2019	Concordia	178	3	8.675	28.580
2019	Concordia	178	4	5.333	21.410
2019	Concordia	178	5	3.452	19.860
2019	Concordia	178	6	12.270	31.630
2019	Concordia	178	7	7.062	24.660
2019	Concordia	178	8	4.414	20.860
2019	Concordia	178	9	8.642	26.450
2019	Concordia	178	10	3.813	19.380
2019	Concordia	178	11	1.790	15.740
2019	Concordia	185	1	2.026	16.700
2019	Concordia	185	2	1.434	14.760
2019	Concordia	185	3	7.117	23.950
2019	Concordia	185	4	0.234	7.570
2019	Concordia	185	5	3.255	18.650
2019	Concordia	185	6	11.878	33.921
2019	Concordia	185	7	3.994	19.660
2019	Concordia	185	8	5.794	25.630
2019	Concordia	185	9	6.594	23.700
2019	Concordia	185	10	11.966	29.930
2019	Concordia	185	11	7.782	26.990
2019	Concordia	185	12	7.496	26.590
2019	Concordia	190	1	0.516	9.640
2019	Concordia	190	2	5.939	23.160
2019	Concordia	190	3	10.456	28.840
2019	Concordia	190	4	12.415	30.630
2019	Concordia	190	5	6.478	23.690
2019	Concordia	190	6	6.007	24.750
2019	Concordia	190	7	9.817	28.227
2019	Concordia	190	8	4.916	21.240
2019	Concordia	190	9	4.856	21.430
2019	Concordia	190	10	6.308	24.300
2019	Concordia	190	11	4.633	22.240
2019	Concordia	190	12	3.199	18.740
2019	Concordia	193	1	1.344	14.860
2019	Concordia	193	2	10.092	29.950
2019	Concordia	193	3	5.339	22.000
2019	Concordia	193	4	9.570	30.660
2019	Concordia	193	5	5.245	24.920
2019	Concordia	193	6	2.938	17.670
2019	Concordia	193	7	15.749	35.560
2019	Concordia	193	8	8.815	28.910
2019	Concordia	193	9	3.958	22.900
2019	Concordia	193	10	5.933	23.020
2019	Concordia	193	11	5.481	22.760
2019	Concordia	193	12	7.679	27.360
2019	Concordia	197	1	4.447	22.040
2019	Concordia	197	2	2.748	22.620
2019	Concordia	197	3	5.602	24.690
2019	Concordia	197	4	14.622	33.130
2019	Concordia	197	5	10.481	30.530
2019	Concordia	197	6	5.462	24.220
2019	Concordia	197	7	7.762	25.400
2019	Concordia	197	8	6.472	24.100
2019	Concordia	197	9	3.418	19.460
2019	Concordia	197	10	12.615	35.050
2019	Concordia	197	11	8.754	28.100
2019	Concordia	197	12	6.492	23.350
2019	Concordia	208	1	6.677	26.560
2019	Concordia	208	2	3.898	21.660
2019	Concordia	208	3	13.691	35.420
2019	Concordia	208	4	7.358	26.940
2019	Concordia	208	5	4.033	21.090
2019	Concordia	208	6	10.108	29.230
2019	Concordia	208	7	6.329	26.210
2019	Concordia	208	8	2.901	18.640
2019	Concordia	208	9	4.139	21.080
2019	Concordia	208	10	2.673	17.630
2019	Concordia	208	11	1.583	14.510
2019	Concordia	208	12	3.508	18.880
2019	Concordia	198	1	13.770	32.930
2019	Concordia	198	2	9.063	28.510
2019	Concordia	198	3	17.916	32.630
2019	Concordia	198	4	13.672	32.240
2019	Concordia	198	5	7.818	26.320
2019	Concordia	198	6	14.169	33.840
2019	Concordia	198	7	7.092	25.840
2019	Concordia	198	8	12.402	31.730
2019	Concordia	198	9	14.555	34.700
2019	Concordia	198	10	17.428	35.180
2019	Concordia	198	11	26.511	38.210
2019	Concordia	198	12	14.740	31.480
2019	Concordia	199	1	16.310	34.740
2019	Concordia	199	2	15.650	33.580
2019	Concordia	199	3	16.500	33.120
2019	Concordia	199	4	23.115	35.950
2019	Concordia	199	5	17.374	37.520
2019	Concordia	199	6	21.525	35.180
2019	Concordia	199	7	6.550	24.840
2019	Concordia	199	8	18.865	29.770
2019	Concordia	199	9	24.439	42.330
2019	Concordia	199	10	21.615	39.320
2019	Concordia	199	11	23.933	34.210
2019	Concordia	199	12	15.084	34.140
2019	Palmar	260	1	3.006	17.09
2019	Palmar	260	2	13.651	29.77
2019	Palmar	260	3	18.0156	34.06
2019	Palmar	260	4	5.631	23.29
2019	Palmar	260	5	8.778	28.72
2019	Palmar	260	6	16.084	37.23
2019	Palmar	260	7	4.857	27.1
2019	Palmar	260	8	12.331	37.53
2019	Palmar	260	9	6.628	25.4
2019	Palmar	260	10	12.489	29.42
2019	Palmar	260	11	12.288	32.57
2019	Palmar	260	12	8.335	27.71
2019	Palmar	261	1	6.765	26.05
2019	Palmar	261	2	5.022	25.01
2019	Palmar	261	3	3.719	20.16
2019	Palmar	261	4	6.032	20
2019	Palmar	261	5	4.816	23.74
2019	Palmar	261	6	2.333	17.55
2019	Palmar	261	7	14.268	36.95
2019	Palmar	261	8	12.314	34.26
2019	Palmar	261	9	12.968	34.34
2019	Palmar	262	1	1.837	16.5
2019	Palmar	262	2	11.025	32.51
2019	Palmar	262	3	6.746	24.97
2019	Palmar	262	4	4.258	22.46
2019	Palmar	262	5	5.2	21.74
2019	Palmar	262	6	6.824	25.28
2019	Palmar	268	1	9.686	28.07
2019	Palmar	268	2	9.397	27.59
2019	Palmar	268	3	11.124	30.87
2019	Palmar	268	4	9.313	28.11
2019	Palmar	268	5	11.7	28.96
2019	Palmar	268	6	6.124	23.5
2019	Palmar	268	7	9.001	30.18
2019	Palmar	268	8	7.668	26.22
2019	Palmar	268	9	4.985	23.37
2019	Palmar	268	10	9.069	28.59
2019	Palmar	268	11	7.416	27.4
2019	Palmar	268	12	8.174	26.93
2019	Palmar	271	1	2.07	16.15
2019	Palmar	271	2	17.949	35.94
2019	Palmar	271	3	11.971	35.52
2019	Palmar	271	4	25.816	41.24
2019	Palmar	271	5	13.827	37.6
2019	Palmar	271	6	8.155	27.71
2019	Palmar	272	1	19.637	41.04
2019	Palmar	272	2	3.658	19.04
2019	Palmar	272	3	12.931	34.09
2019	Palmar	272	4	20.081	40.08
2019	Palmar	272	5	7.262	28.38
2019	Palmar	272	6	5.072	22.65
2019	Palmar	272	7	16.912	37.01
2019	Palmar	272	8	9.774	31.02
2019	Palmar	272	9	4.6	19.27
2019	Palmar	272	10	15.535	33.62
2019	Palmar	272	11	13.367	33.28
2019	Palmar	272	12	16.381	34.91
2019	Palmar	274	1	10.291	29.19
2019	Palmar	274	2	6.657	23.91
2019	Palmar	274	3	5.361	21.57
2019	Palmar	274	4	6.28	25.92
2019	Palmar	274	5	4.267	22.12
2019	Palmar	274	6	6.217	27.43
2019	Palmar	274	7	7.093	25.066
2019	Palmar	274	8	8.244	26.62
2019	Palmar	274	9	5.376	25
2019	Palmar	274	10	6.862	24.71
2019	Palmar	274	11	10.84	30.14
2019	Palmar	274	12	7.814	26.74
2019	Palmar	276	1	7.598	27.95
2019	Palmar	276	2	20.43	41.38
2019	Palmar	276	3	11.854	31.94
2019	Palmar	276	4	10.177	29.71
2019	Palmar	276	5	5.112	22.15
2019	Palmar	276	6	17.382	42
2019	Palmar	276	7	15.822	39.93
2019	Palmar	276	8	8.372	32.13
2019	Palmar	276	9	11.352	35.1
2019	Palmar	276	10	16.151	38.56
2019	Palmar	276	11	18.926	40.47
2019	Palmar	276	12	9.778	30.54
2019	Palmar	280	1	11.816	35.51
2019	Palmar	280	2	6	23.37
2019	Palmar	280	3	11.949	32.89
2019	Palmar	280	4	2.057	18.27
2019	Palmar	280	5	3.565	20.25
2019	Palmar	280	6	8.517	27.26
2019	Palmar	280	7	2.409	16.88
2019	Palmar	280	8	4.856	22.16
2019	Palmar	280	9	3.609	19.89
2019	Palmar	281	1	10.544	26.68
2019	Palmar	281	2	5.841	19.47
2019	Palmar	281	3	5.916	23.77
2019	Palmar	281	4	6.586	23.92
2019	Palmar	281	5	4.627	20.5
2019	Palmar	281	6	6.027	23.37
2019	Palmar	284	1	21.666	43.2
2019	Palmar	284	2	19.685	36.54
2019	Palmar	284	3	17.405	35.07
2019	Palmar	284	4	10.56	27.02
2019	Palmar	284	5	8.103	26.98
2019	Palmar	284	6	5.378	22.96
2019	Palmar	284	7	13.604	35.17
2019	Palmar	284	8	9.536	28.38
2019	Palmar	284	9	9.128	29.33
2019	Palmar	285	1	4.228	20.55
2019	Palmar	285	2	10.324	29.7
2019	Palmar	285	3	12.021	31.67
2019	Palmar	285	4	25.235	42.53
2019	Palmar	285	5	13.393	30.05
2019	Palmar	285	6	9.361	27.72
2019	Palmar	285	7	10.011	28.01
2019	Palmar	285	8	12.524	32.01
2019	Palmar	285	9	12.642	30.44
2019	Palmar	285	10	14.587	34.42
2019	Palmar	285	11	9.682	28.93
2019	Palmar	285	12	8.051	26.06
2019	Palmar	286	1	0.439	10.48
2019	Palmar	286	2	18.246	34.54
2019	Palmar	286	3	17.56	33.55
2019	Palmar	286	4	13.546	32.7
2019	Palmar	286	5	12.854	35.008
2019	Palmar	286	6	13.672	32.65
2019	Palmar	286	7	6.466	25.16
2019	Palmar	286	8	6.645	25.39
2019	Palmar	286	9	7.183	26.61
2019	Palmar	286	10	8.726	30.49
2019	Palmar	286	11	4.49	21.72
2019	Palmar	286	12	1.999	16.62
2019	Palmar	287	1	5.372	24.29
2019	Palmar	287	2	17.886	36.52
2019	Palmar	287	3	11.47	30.14
2019	Palmar	287	4	4.709	23.84
2019	Palmar	287	5	8.639	27.8
2019	Palmar	287	6	12.297	31.88
2019	Palmar	287	7	6.33	24.77
2019	Palmar	287	8	11.06	29.98
2019	Palmar	287	9	7.953	27.36
2019	Palmar	287	10	10.995	29.75
2019	Palmar	287	11	12.038	33.4
2019	Palmar	287	12	10.997	30.41
2019	Palmar	288	1	0.562	10.38
2019	Palmar	288	2	14.06	37.05
2019	Palmar	288	3	12.768	33.99
2019	Palmar	288	4	13.855	34.9
2019	Palmar	288	5	5.32	23.11
2019	Palmar	288	6	11.686	31.85
2019	Palmar	288	7	8.79	28.5
2019	Palmar	288	8	5.536	23.7
2019	Palmar	289	1	42.87	44.33
2019	Palmar	289	2	20.899	36.83
2019	Palmar	289	3	27.642	39.94
2019	Palmar	289	4	21.816	36.29
2019	Palmar	289	5	10.133	25.74
2019	Palmar	289	6	29.84	38.86
2019	Palmar	289	7	21.4	35.29
2019	Gualeguaychu	305	1	18.978	35.07
2019	Gualeguaychu	305	2	15.546	36.28
2019	Gualeguaychu	305	3	7.611	25.86
2019	Gualeguaychu	305	4	24.371	40.6
2019	Gualeguaychu	305	5	24.109	39.32
2019	Gualeguaychu	305	6	21.746	31.75
2019	Gualeguaychu	305	7	28.768	42.72
2019	Gualeguaychu	305	8	12.655	31.04
2019	Gualeguaychu	305	9	14.505	31.42
2019	Gualeguaychu	305	10	21.116	37.52
2019	Gualeguaychu	305	11	15.969	33.08
2019	Gualeguaychu	305	12	13.556	31.45
2019	Gualeguaychu	306	1	5.588	21.62
2019	Gualeguaychu	306	2	3.044	18.23
2019	Gualeguaychu	306	3	4.848	21.14
2019	Gualeguaychu	306	4	6.111	22.71
2019	Gualeguaychu	306	5	1.508	14.42
2019	Gualeguaychu	306	6	2.592	16.46
2019	Gualeguaychu	306	7	2.392	17.46
2019	Gualeguaychu	306	8	3.082	16.85
2019	Gualeguaychu	306	9	1.228	13.21
2019	Gualeguaychu	321	1	4.794	22.83
2019	Gualeguaychu	321	2	3.298	19.39
2019	Gualeguaychu	321	3	6.647	25.24
2019	Gualeguaychu	321	4	4.144	21.83
2019	Gualeguaychu	321	5	11.432	29.08
2019	Gualeguaychu	321	6	6.399	26.03
2019	Gualeguaychu	324	1	6.117	21.23
2019	Gualeguaychu	324	2	8.44	24.58
2019	Gualeguaychu	324	3	6.03	23.43
2019	Gualeguaychu	324	4	8.922	26.58
2019	Gualeguaychu	324	5	10.105	26.42
2019	Gualeguaychu	324	6	21.09	36.14
2019	Gualeguaychu	324	7	19.899	34.69
2019	Gualeguaychu	324	8	17.745	34.54
2019	Gualeguaychu	324	9	11.384	29.99
2019	Gualeguaychu	324	10	29.443	39.68
2019	Gualeguaychu	325	1	14.28	36.14
2019	Gualeguaychu	325	2	3.936	19.57
2019	Gualeguaychu	325	3	7.202	23.63
2019	Gualeguaychu	325	4	5.967	22.57
2019	Gualeguaychu	325	5	5.454	22.42
2019	Gualeguaychu	325	6	6.527	24.62
2019	Gualeguaychu	325	7	1.588	13.82
2019	Gualeguaychu	325	8	8.04	23.43
2019	Gualeguaychu	325	9	5.14	21.65
2019	Gualeguaychu	331	1	8	25.34
2019	Gualeguaychu	331	2	4.057	21.36
2019	Gualeguaychu	331	3	3.536	20.37
2019	Gualeguaychu	331	4	3.868	20.91
2019	Gualeguaychu	331	5	4.038	20.98
2019	Gualeguaychu	331	6	5.322	23.27
2019	Gualeguaychu	331	7	4.918	21.11
2019	Gualeguaychu	331	8	4.631	22.13
2019	Gualeguaychu	331	9	4.583	20.55
2019	Gualeguaychu	331	10	7.437	25.5
2019	Gualeguaychu	331	11	5.295	24.39
2019	Gualeguaychu	331	12	9.794	20.2
2019	Gualeguaychu	337	1	5.375	23.23
2019	Gualeguaychu	337	2	13.07	33.61
2019	Gualeguaychu	337	3	6.339	24.3
2019	Gualeguaychu	337	4	5.572	22.73
2019	Gualeguaychu	337	5	3.119	19.55
2019	Gualeguaychu	337	6	2.23	17.06
2019	Gualeguaychu	337	7	11.495	29.84
2019	Gualeguaychu	337	8	2.066	17.3
2019	Gualeguaychu	337	9	3.09	19.9
2019	Gualeguaychu	348	1	2.452	16.48
2019	Gualeguaychu	348	2	6.533	23.93
2019	Gualeguaychu	348	3	10.429	27.24
2019	Gualeguaychu	351	1	2.896	17.31
2019	Gualeguaychu	351	2	0.52	9.94
2019	Gualeguaychu	359	1	0.728	11.03
2019	Gualeguaychu	362	1	6.204	25.38
2019	Gualeguaychu	362	2	0.56	11.4
2019	Gualeguaychu	362	3	2.182	17.26
2019	Gualeguaychu	362	4	1.981	11.02
2019	Gualeguaychu	362	5	5.584	22.77
2019	Gualeguaychu	362	6	1.713	15.32
2019	Gualeguaychu	363	1	0.724	11.44
2019	Gualeguaychu	363	2	20.593	35.95
2019	Gualeguaychu	363	3	15.987	33.02
2019	Gualeguaychu	363	4	5.474	24.06
2019	Gualeguaychu	363	5	9.175	26.95
2019	Gualeguaychu	363	6	10.294	27.76
2019	Gualeguaychu	363	7	4.916	22.37
2019	Gualeguaychu	363	8	13.806	29.18
2019	Gualeguaychu	363	9	10.146	26.37
2019	Gualeguaychu	364	1	0.716	11.5
2019	Gualeguaychu	364	2	1.834	15.37
2019	Gualeguaychu	364	3	0.991	12.63
2019	Gualeguaychu	364	4	1.354	13.73
2019	Gualeguaychu	364	5	0.898	12.45
2019	Gualeguaychu	364	6	1.768	15.76
