PSFL	DMAP	DMIP	NO	NS	NS/NO	NFL/cm	NFR/NFL	PSS	PSF	PSS/PSF
15.55	27.675	23.85	4.7	1.6	0.333333333333333	0.852746212121212	0.0178571428571429	1.60691666666667	2.0935	0.746871964384169
16.72	23.625	18.225	4.3	1.3	0.33	0.530555555555556	0.108333333333333	0.957833333333333	1.42816666666667	0.639873384713148
11.69	30.825	28.125	3.2	1.3	0.453333333333333	0.946022727272727	0.1625	1.79783333333333	2.19133333333333	0.815163501010638
14.68	29.7	22.275	2.7	1.2	0.47	1.55833333333333	0	1.60075	2.36675	0.688827387344603
12.2	32.85	26.775	3.9	1.3	0.348333333333333	2.55674603174603	0	1.17291666666667	1.49325	0.772109262245656
12.83	28.35	24.525	4.8	1	0.216666666666667	1.07638888888889	0	0.582	1.008	0.508694518474953
12.76	28.8	25.425	3.5	1	0.3	1.175	0.0357142857142857	0.626272727272727	1.26581818181818	0.438955835856975
16.39	29.925	25.425	3	1	0.392592592592593	1.02307692307692	0.145833333333333	0.515181818181818	1.04009090909091	0.466912270596763
11.97	29.25	25.425	3.8	1.1	0.32	2.06666666666667	0	0.640090909090909	1.00827272727273	0.607295247067994
13.1	24.075	21.825	4.4	1	0.235	1.775	0.03125	0.532916666666667	0.951333333333333	0.533920696239542
10.03	24.75	22.275	3.8	1	0.275	0.333333333333333	0	0.527416666666667	0.992916666666667	0.499762964458325
10.17	22.725	20.25	4.9	1.3	0.261666666666667	1.37083333333333	0	0.407833333333333	0.869333333333333	0.414142789263372
14.27	35.1	31.725	5.1	1.2	0.235	2.0520202020202	0.0331456456456456	1.20391666666667	1.79783333333333	0.655703323716793
13.06	30.15	24.075	5.1	1.33333333333333	0.265079365079365	0.975	0	0.909333333333333	1.35266666666667	0.624330909335815
13.56	38.775	35.775	5.1	2	0.402777777777778	0.796092796092796	0.0625	0.611833333333333	0.975666666666667	0.553974877985402
15.53	24.75	23.175	5.7	1.1	0.1975	2.19345238095238	0	1.01908333333333	1.45616666666667	0.675871468449487
12.52	30.6	26.55	5.2	1.33333333333333	0.233730158730159	1.20833333333333	0.05	0.921166666666667	1.888	0.450273863616736
14.43	29.025	26.1	5.3	1.2	0.247619047619048	1.9875	0	1.18141666666667	2.17191666666667	0.545809755052822
12.8	32.4	23.4	4.6	1.4	0.306666666666667	1.36282467532468	0.0595238095238095	0.751	1.31558333333333	0.547091560970495
12.84	35.1	31.05	5.8	1.2	0.216309523809524	3.00119047619048	0.00595238095238095	2.4305	3.09891666666667	0.762667187934357
11.94	31.275	23.85	2.9	1.22222222222222	0.509259259259259	2.5	0.031015037593985	0.671333333333333	1.22855555555556	0.472915730387052
11.23	29.7	23.4	4.3	1.5	0.388888888888889	2.46344696969697	0	0.7	1.1915	0.575972606728329
14.08	28.125	26.55	4	1.88888888888889	0.590740740740741	1.53345588235294	0	2.177	3.05011111111111	0.670697324040025
12.67	31.275	25.875	6.2	1.1	0.188452380952381	1.9625	0.0333333333333333	1.38175	1.98741666666667	0.689832919007393
11.27	32.85	31.05	4.8	1.1	0.238333333333333	0.9	0.0357142857142857	0.817363636363636	1.37118181818182	0.550475935922512
16.3	33.3	28.8	6	1.1	0.189404761904762	1.84672619047619	0.0297619047619048	0.732083333333333	1.10466666666667	0.65276736661631
17.33	31.275	24.3	4.9	1.125	0.33125	1.63410364145658	0.00862068965517241	1.726875	2.387625	0.656851483978915
18.87	31.275	27.45	4	1.5	0.341071428571429	1.82738095238095	0	2.32291666666667	2.97583333333333	0.780123235186992
8.25	29.25	26.325	4.5	1	0.242592592592593	1.57589285714286	0	0.253125	0.626625	0.365202237123887
15.15	38.925	36.9	4.7	2.5	0.5	1.49583333333333	0	0.557166666666667	1.0715	0.450240538939489
14.52	26.55	23.175	3.9	1.5	0.504166666666667	1.98214285714286	0.0147058823529412	1.2434	2.3785	0.435810736081516
10.58	27.225	24.3	3.2	1	0.442592592592593	2.25	0	0.176333333333333	0.853777777777778	0.199659762268245
10.33	27.75	23.175	4.5	1.5	0.40679012345679	3.10119047619048	0	0.428716666666667	0.871666666666667	0.470831428601032
14.74	28.575	22.05	4.6	1.11111111111111	0.251851851851852	1.82142857142857	0	0.62975	1.285125	0.365928295729179
9.54	27	22.95	3.9	1	0.416666666666667	2.125	0	0.026	0.475	0.0547368421052632
14.26	33.525	27.675	4.6	1.33333333333333	0.291666666666667	2.12723214285714	0	0.289333333333333	0.872	0.27862291179685
15.39	27.225	23.625	4.3	1.11111111111111	0.261111111111111	1.31574675324675	0.015625	1.48525	2.465625	0.570076224009198
16.48	34.425	28.8	4.2	1.16666666666667	0.305555555555556	1.72619047619048	0	0.0465	0.20975	0.237678728228174
11.756	30	27.75	6.5	1.3	0.216071428571429	2.125	0	0.823	1.539575	0.531284513297164
4.99375	28.35	23.4	4	1.25	0.455555555555556	0.457312091503268	0.0833333333333333	0.28825	0.653	0.458434545349331
4.932	33.075	29.025	2.2	1.5	0.5625	0.823626373626374	0	0.710181818181818	1.16981818181818	0.57132108049402
11.717	33.3	31.725	4.1	1.2	0.303333333333333	3.22924836601307	0.0192307692307692	1.31716666666667	2.29825	0.560586838015925
12.229	36	32.175	6	1	0.193571428571429	1.54356725146199	0.00961538461538462	0.6812	1.2509	0.556092004984217
14.423	33.3	31.5	6.2	1.4	0.230357142857143	1.79329004329004	0	1.21466666666667	2.199	0.556550197028848
9.439	30.6	28.35	4.1	1.1	0.24389880952381	2.63392857142857	0	1.00075	2.00566666666667	0.498500892939152
8.152	33.975	31.275	4.8	1.1	0.240952380952381	2.08234126984127	0	1.13608333333333	1.7205	0.647525689553091
8.508	43.875	41.4	4.3	1.1	0.281666666666667	3.47767857142857	0	0.4576	0.8521	0.518262633078788
12.216	35.325	33.75	5.3	1.3	0.266190476190476	1.99404761904762	0	0.949636363636364	1.92954545454545	0.505481189760084
11.05	33.975	33.525	4.3	1.7	0.383333333333333	2.24107142857143	0	1.778	2.68466666666667	0.652240807256267
10.78	34.65	30.15	5.1	1.2	0.241904761904762	2.70089285714286	0	1.49666666666667	2.70783333333333	0.558400977103436
9.6	31.5	23.75	5.5	1	0.175198412698413	2.14642857142857	0	0.730833333333333	1.24633333333333	0.594566648058767
8.54	32.4	31.725	6	1.9	0.315816326530612	1.03333333333333	0.0147058823529412	0.975125	1.935	0.515542925694064
11.62	30.15	30.15	5.1	1.8	0.352142857142857	1.51266233766234	0	1.67466666666667	3.34058333333333	0.494641279457888
11.23	34.425	33.075	7.2	1.375	0.200049603174603	1.63888888888889	0	1.078625	1.690125	0.644278930910285
9.98	32.175	28.575	6.7	1.7	0.248174603174603	3.70238095238095	0	2.322	3.2247	0.695918955569941
11.73	36.9	35.325	3.8	1.25	0.366666666666667	3.44196428571429	0.0769230769230769	0.737625	1.26425	0.529852389859969
9.77	23.0625	20.25	5.4	1	0.205555555555556	2.32589285714286	0	0.794333333333333	1.37366666666667	0.579841468926226
11.09	28.575	24.75	4	1.5	0.477619047619048	2.28125	0.0263157894736842	2.0595	3.30541666666667	0.608309293790018
10.61	29.025	31.275	4.7	1.9	0.417063492063492	1.58130656108597	0.0131578947368421	1.77608333333333	2.78866666666667	0.596840796641881
8.52	33.75	31.95	4.6	1.2	0.29	1.88095238095238	0	0.7064	1.5056	0.454494275597929
10.87	34.2	30.825	4.6	1	0.297619047619048	3	0	0.889833333333333	1.39266666666667	0.637356946810948
12.49	29.25	24.3	5.4	1	0.1925	1.85	0	1.3474	2.7555	0.515327707404973
10.7555555555556	33.075	30.15	4.7	1.3	0.343333333333333	3.57589285714286	0	0.76325	1.27683333333333	0.589919913634204
12.79	33.75	30.375	4.8	1.4	0.295	2.61666666666667	0.0383403361344538	1.51991666666667	2.13591666666667	0.721269634180817
10.32	30.6	28.125	5.8	2.4	0.418095238095238	4.15	0.0628205128205128	2.71775	3.86	0.701903425955282
12.25	33.975	30.825	7.1	2.5	0.351428571428571	3.5625	0.0208333333333333	2.15316666666667	3.34475	0.637437462105045
10.17	36	30.6	5.6	1.4	0.273452380952381	3.625	0	2.33063636363636	3.71581818181818	0.599545853418312
11.23	35.1	31.725	4.7	1.33333333333333	0.211666666666667	1.00833333333333	0.0138888888888889	3.36283333333333	5.10566666666667	0.648868568313629
17.3	21.375	20.925	6.9	1	0.158730158730159	1.36904761904762	0	0.924	1.63766666666667	0.57574646125574
18.04	28.25	25.25	4.5	1.28571428571429	0.29047619047619	1.17916666666667	0	0.744857142857143	1.24671428571429	0.562403941010634
15.14	28.35	27	2.5	2.5	0.875	1.95	0	1.35483333333333	2.0465	0.623932703064586
14.56	25.875	25.2	3.3	1	0.316666666666667	1.20833333333333	0.0416666666666667	1.17391666666667	1.98733333333333	0.578073381972658
14.97	20.025	18.9	5	1.14285714285714	0.173333333333333	1.71527777777778	0.0857142857142857	1.56655555555556	2.348	0.661101946153578
7.14	23.175	22.275	6.4	1	0.142857142857143	0.975	0.05	0.895	1.793	0.499163413273843
9.44	22.275	21.15	4.6	1.5	0.183333333333333	1.4375	0.136111111111111	1.0405	1.64325	0.606105204395089
10.52	22.275	22.05	5	1.71428571428571	0.261111111111111	1.3	0.0551282051282051	1.51242857142857	2.28528571428571	0.616913763044011
9.69	20.475	19.125	3.8	1.2	0.316666666666667	1.25	0.0166666666666667	0.4276	0.9752	0.391037063876251
15.08	23.625	22.275	5.1	1	0.229365079365079	1.275	0	0.626666666666667	1.15166666666667	0.500094665103842
14.46	24.525	22.5	6.5	1.5	0.251785714285714	1.48928571428571	0.015625	0.874666666666667	1.6595	0.525920271009645
7.32	21.375	20.7	4.4	1.5	0.391666666666667	3.16071428571429	0.0520833333333333	0.228666666666667	0.775666666666667	0.248993019982988
12.12	26.55	24.75	4.8	1.42857142857143	0.30952380952381	2.14583333333333	0.0138888888888889	1.02942857142857	1.52285714285714	0.665796288778635
9.96	25.875	24.3	3.9	1.11111111111111	0.290740740740741	3.23214285714286	0	0.394555555555556	0.858888888888889	0.45648181774101
18	20.925	20.25	4.7	1.5	0.35	1.08333333333333	0.125	0.975833333333333	1.67846666666667	0.538305729535446
13.74	22.725	22.275	5.2	1.16666666666667	0.218253968253968	1.1875	0.0147058823529412	2.0275	2.818	0.662951859438323
18.49	23.4	21.825	5.44444444444444	1.1	0.21031746031746	2.76388888888889	0.122710622710623	0.899666666666667	1.4475	0.621695264866478
11.44	23.625	22.05	4.7	1.3	0.339444444444444	3.64375	0	1.06033333333333	1.61608333333333	0.63285797113186
15.02	20.7	20.25	5.9	1.7	0.285	2.6235119047619	0.0078125	1.17483333333333	2.08041666666667	0.479833480943471
12.94	20.925	20.25	6.6	1.8	0.272142857142857	2.66666666666667	0.0458333333333333	1.2895	2.44675	0.494724841205326
10.6875	24.75	22.5	7.9	1.9	0.256829004329004	2.14502164502164	0.0357142857142857	0.43275	1.37283333333333	0.304650052207602
14.72	26.1	24.525	4	2.3	0.644761904761905	5.625	0	0.520083333333333	1.09358333333333	0.427211418559446
12.725	20.475	19.125	4.1	1.25	0.320833333333333	2.55	0	1.710625	2.60375	0.581276934435598
17.33	24.525	22.95	3.5	1.16666666666667	0.388888888888889	2.5	0	1.25733333333333	2.0085	0.56785967829544
10.25	22.95	22.05	4.3	1.3	0.363333333333333	3.60714285714286	0.0772058823529412	0.616333333333333	1.28	0.447025234278154
14.87	23.85	22.725	4.4	1.71428571428571	0.361904761904762	1.64375	0.0208333333333333	0.245571428571429	0.488571428571429	0.490518135372969
