DIA	FECHA	TEMP	ID	PESO	L	a	b	C	T	DE	DP	E
0	9/11/2021	5	1	13.128	61.95	-13.39	56.97	58.52	103.23	30.62	35.69	1
0	9/11/2021	5	2	14.532	68.58	-14.73	58.20	60.03	104.20	32.01	32.79	1
0	9/11/2021	5	3	11.818	64.27	-16.43	48.75	51.44	108.63	29.56	33.64	1
0	9/11/2021	5	4	12.159	66.49	-10.85	58.97	59.96	100.43	30.8	31.21	1
0	9/11/2021	5	5	17.422	54.81	-13.52	44.82	46.82	106.79	33.68	39.28	1
0	9/11/2021	5	6	11.022	56.86	-14.94	45.96	48.32	108.01	29	28.72	1
0	9/11/2021	5	7	11.238	65.78	-14.89	58.53	60.39	104.28	30.24	27.93	1
0	9/11/2021	5	8	12.657	64.93	-16.95	47.98	50.88	109.46	31.48	34.31	1
0	9/11/2021	5	9	12.849	58.35	-8.43	48.09	48.82	99.94	30.67	32.45	1
0	9/11/2021	5	10	11.545	57.67	-11.27	52.86	54.04	102.04	28.75	34.41	1
0	9/11/2021	5	11	10.497	66.92	-11.85	51.58	52.92	102.94	27.67	30.65	1
0	9/11/2021	5	12	18.522	61.18	-6.48	54.33	54.72	96.81	38.29	29.87	1
0	9/11/2021	5	13	12.446	60.12	-7.37	53.00	53.51	97.92	29.55	35.88	1
0	9/11/2021	5	14	12.147	59.83	-13.45	49.88	51.66	105.09	30.07	34.9	1
0	9/11/2021	5	15	9.608	60.36	-5.58	51.09	51.39	96.23	29.54	24.67	1
0	9/11/2021	5	16	13.155	58.68	-7.98	49.70	50.34	99.12	31.08	29.81	1
0	9/11/2021	5	17	9.451	58.70	-10.03	48.64	49.66	101.65	27.99	29.31	1
0	9/11/2021	5	18	12.61	59.49	-12.49	47.52	49.13	104.73	33.32	26.72	1
0	9/11/2021	5	19	13.114	68.67	-12.43	56.56	57.91	102.39	32.12	31.25	1
0	9/11/2021	5	20	9.493	63.65	-15.80	53.70	55.97	106.39	28.35	27.89	1
0	9/11/2021	5	21	15.664	60.46	-15.87	50.22	52.67	107.53	33.4	36.64	1
0	9/11/2021	5	22	14.249	59.00	-13.51	50.37	52.15	105.02	30.97	38.71	1
0	9/11/2021	5	23	16.072	57.88	-15.09	47.12	49.47	107.76	32.14	38.08	1
0	9/11/2021	5	24	12.644	46.44	-12.91	32.45	34.92	111.70	34.1	28.11	1
0	9/11/2021	5	25	13.875	65.56	-13.72	54.67	56.37	104.09	31.93	33.87	1
0	9/11/2021	5	26	9.534	69.58	-15.02	55.03	57.04	105.26	27.87	30.38	1
0	9/11/2021	5	27	17.395	68.42	-9.40	56.75	57.52	99.40	33.72	33.57	1
0	9/11/2021	5	28	15.125	57.53	-12.91	47.69	49.40	105.15	35.61	31.34	1
0	9/11/2021	5	29	13.346	64.41	-12.76	56.97	58.38	102.63	32.55	35.45	1
0	9/11/2021	5	30	15.098	62.07	-16.04	49.13	51.68	108.08	30.9	38.21	1
0	9/11/2021	5	31	18.56	55.90	-13.68	42.76	44.89	107.74	36.33	34.86	1
0	9/11/2021	5	32	19.573	62.81	-12.56	51.43	52.94	103.72	36.04	35.4	1
0	9/11/2021	5	33	10.641	59.99	-20.78	47.29	51.65	113.72	29.22	31.39	1
0	9/11/2021	5	34	15.268	67.10	-14.66	54.82	56.75	104.98	32.23	33.58	1
0	9/11/2021	5	35	16.279	64.22	-16.57	55.38	57.80	106.66	33.15	36.64	1
0	9/11/2021	5	36	14.425	66.68	-9.95	57.95	58.80	99.74	32.5	34.88	1
0	9/11/2021	5	37	16.619	55.52	-11.18	44.09	45.48	104.23	34.86	31.27	1
0	9/11/2021	5	38	16.188	62.00	-14.50	52.62	54.59	105.41	32.67	38.22	1
0	9/11/2021	5	39	10.288	67.79	-13.71	52.81	54.57	104.55	27.6	30.64	1
0	9/11/2021	5	40	14.79	58.75	-12.83	50.87	52.46	104.16	32.76	37.96	1
0	9/11/2021	5	41	13.558	64.95	-17.49	50.38	53.33	109.15	30.22	34.46	1
0	9/11/2021	5	42	14.638	66.62	-11.16	54.07	55.21	101.66	32.31	30.3	1
0	9/11/2021	5	43	15.591	64.80	-17.73	52.51	55.42	108.66	32.42	38.73	1
0	9/11/2021	5	44	14.226	63.24	-14.55	48.28	50.42	106.77	31.7	33.6	1
0	9/11/2021	5	45	15.082	64.03	-11.72	54.67	55.92	102.10	33.25	31.34	1
0	9/11/2021	5	46	16.963	65.07	-16.16	57.72	59.94	105.64	33.46	38.96	1
0	9/11/2021	5	47	14.134	67.66	-8.32	54.48	55.11	98.69	31.47	31.68	1
0	9/11/2021	5	48	10.077	66.16	-8.76	54.46	55.16	99.14	29.19	28.8	1
0	9/11/2021	5	49	15.91	66.97	-13.65	57.39	58.99	103.38	31.81	37.04	1
0	9/11/2021	5	50	19.375	59.83	-9.71	52.86	53.74	100.41	34.48	40.75	1
0	9/11/2021	9	51	13.929	54.67	-10.55	38.86	40.26	105.19	31.49	32.36	1
0	9/11/2021	9	52	6.663	53.51	-15.73	44.19	46.91	109.59	24.92	23.06	1
0	9/11/2021	9	53	14.601	66.34	-14.66	51.52	53.57	105.89	32.82	34.66	1
0	9/11/2021	9	54	13.483	64.51	-15.65	54.23	56.44	106.10	31.91	31.76	1
0	9/11/2021	9	55	13.456	68.52	-16.17	54.75	57.09	106.46	32.33	31.74	1
0	9/11/2021	9	56	15.193	55.29	-16.75	45.48	48.47	110.22	33.92	38.91	1
0	9/11/2021	9	57	10.61	60.19	-15.25	47.40	49.79	107.83	28.82	29.75	1
0	9/11/2021	9	58	11.963	66.67	-14.56	55.13	57.02	104.79	30.32	31.71	1
0	9/11/2021	9	59	31.402	65.47	-14.10	55.73	57.49	104.19	47.36	33.96	1
0	9/11/2021	9	60	18.357	69.25	-14.65	55.50	57.40	104.79	34.41	38.38	1
0	9/11/2021	9	61	13.932	61.85	-14.43	51.69	53.66	105.60	31.26	36.45	1
0	9/11/2021	9	62	13.899	56.22	-16.85	46.74	49.68	109.82	31.98	35.76	1
0	9/11/2021	9	63	11.287	60.40	-14.06	48.31	50.31	106.22	30.18	28.23	1
0	9/11/2021	9	64	21.276	56.95	-15.33	51.62	53.85	106.54	39.39	33.92	1
0	9/11/2021	9	65	12.095	63.87	-16.12	53.75	56.12	106.69	30.8	32.04	1
0	9/11/2021	9	66	11.908	63.64	-8.58	57.74	58.38	98.45	29.56	36.41	1
0	9/11/2021	9	67	12.072	65.89	-14.44	58.45	60.20	103.87	30.28	31.87	1
0	9/11/2021	9	68	18.622	45.23	-3.47	32.26	32.45	96.14	33.47	35.61	1
0	9/11/2021	9	69	13.112	69.24	-16.64	54.67	57.14	106.93	30.53	35.55	1
0	9/11/2021	9	70	10.579	55.99	-16.68	42.89	46.02	111.25	29.36	25.63	1
0	9/11/2021	9	71	13.446	59.04	-16.36	46.18	48.99	109.51	34.28	28.99	1
0	9/11/2021	9	72	9.709	55.08	-11.16	43.88	45.28	104.27	27.4	26.45	1
0	9/11/2021	9	73	13.547	56.28	-17.19	47.12	50.16	110.04	32.51	30.55	1
0	9/11/2021	9	74	16.392	69.93	-13.50	55.64	57.26	103.64	33.87	35.86	1
0	9/11/2021	9	75	14.885	64.31	-12.20	56.32	57.63	102.23	32.16	33.77	1
0	9/11/2021	9	76	17.967	66.08	-14.04	58.92	60.57	103.41	39.91	32.4	1
0	9/11/2021	9	77	14.756	67.85	-9.00	55.13	55.86	99.27	31.2	32.34	1
0	9/11/2021	9	78	23.192	65.14	-12.72	57.92	59.30	102.39	39.87	39.76	1
0	9/11/2021	9	79	10.671	67.71	-8.49	52.95	53.63	99.11	28.69	29.99	1
0	9/11/2021	9	80	15.304	65.17	-7.23	53.86	54.35	97.65	32.75	31.83	1
0	9/11/2021	9	81	14.219	58.61	-14.21	49.85	51.84	105.91	31.03	35.02	1
0	9/11/2021	9	82	22.352	53.14	-14.46	43.17	45.53	108.52	39.35	34.54	1
0	9/11/2021	9	83	13.858	58.38	-17.01	45.97	49.02	110.31	31.89	35.63	1
0	9/11/2021	9	84	9.268	58.94	-9.76	51.03	51.95	100.83	27.08	28.94	1
0	9/11/2021	9	85	14.841	62.33	-11.38	55.39	56.54	101.62	33.12	32.53	1
0	9/11/2021	9	86	11.196	60.61	-15.73	52.10	54.42	106.80	28.92	29.31	1
0	9/11/2021	9	87	10.746	63.50	-13.33	48.91	50.69	105.25	28.47	30.57	1
0	9/11/2021	9	88	13.169	63.88	-14.26	55.18	57.00	104.49	30.73	33.6	1
0	9/11/2021	9	89	15.801	63.51	-16.98	49.67	52.49	108.87	34.63	36.89	1
0	9/11/2021	9	90	14.416	65.75	-13.61	57.67	59.26	103.28	30.49	35.13	1
0	9/11/2021	9	91	10.327	59.38	-14.70	48.07	50.26	107.01	28.22	26.33	1
0	9/11/2021	9	92	27.894	62.06	-15.64	54.08	56.30	106.13	43.12	30.08	1
0	9/11/2021	9	93	19.244	68.58	-16.34	57.42	59.70	105.88	35.45	39	1
0	9/11/2021	9	94	14.385	48.90	-16.65	37.07	40.64	114.18	35.33	30.91	1
0	9/11/2021	9	95	18.116	65.64	-11.54	60.11	61.21	100.86	34.8	39.59	1
0	9/11/2021	9	96	12.637	62.48	-16.99	48.58	51.46	109.27	33.64	28.33	1
0	9/11/2021	9	97	14.88	52.74	-14.01	41.66	43.95	108.58	31.22	36.88	1
0	9/11/2021	9	98	9.307	62.47	-12.76	49.97	51.57	104.32	27.25	29.04	1
0	9/11/2021	9	99	12.248	63.54	-11.47	54.97	56.16	101.78	36.25	32	1
0	9/11/2021	9	100	15.021	69.11	-9.56	61.99	62.72	98.77	33.73	32.74	1
3	12/11/2021	5	1	12.846	69.92	-7.83	63.37	63.85	97.05			1
3	12/11/2021	5	2	14.302	66.92	-9.36	62.56	63.25	98.51			1
3	12/11/2021	5	3	11.631	63.58	-14.18	54.62	56.43	104.55			1
3	12/11/2021	5	4	11.89	67.92	-4.30	65.51	65.65	93.76			1
3	12/11/2021	5	5	17.134	60.74	-12.15	57.92	59.18	101.85			1
3	12/11/2021	5	6	10.822	55.27	-12.01	48.69	50.14	103.85			1
3	12/11/2021	5	7	11.12	69.55	-9.34	66.31	66.96	98.02			1
3	12/11/2021	5	8	12.555	63.56	-16.55	51.96	54.53	107.66			1
3	12/11/2021	5	9	12.537	53.15	-5.12	42.55	42.86	96.86			1
3	12/11/2021	5	10	11.221	61.72	-6.35	60.42	60.75	96.00			1
3	12/11/2021	5	11	10.156	67.19	-5.13	52.32	52.57	95.60			1
3	12/11/2021	5	12	18.063	54.44	-7.66	48.25	48.86	99.02			1
3	12/11/2021	5	13	12.114	58.32	-4.83	55.10	55.32	95.01			1
3	12/11/2021	5	14	11.975	54.16	-10.31	49.47	50.54	101.78			1
3	12/11/2021	5	15	9.428	56.00	-4.60	49.99	50.20	95.26			1
3	12/11/2021	5	16	12.937	57.36	-1.43	54.04	54.06	91.52			1
3	12/11/2021	5	17	9.252	57.94	-6.27	55.51	55.87	96.45			1
3	12/11/2021	5	18	12.453	56.17	-9.86	49.69	50.66	101.22			1
3	12/11/2021	5	19	12.873	68.31	-5.97	61.25	61.55	95.57			1
3	12/11/2021	5	20	9.311	65.80	-11.70	62.54	63.63	100.60			1
3	12/11/2021	5	21	15.213	57.52	-14.74	52.58	54.61	105.66			1
3	12/11/2021	5	22	13.963	59.23	-10.08	51.83	52.81	101.01			1
3	12/11/2021	5	23	15.811	57.46	-11.90	49.93	51.33	103.41			1
3	12/11/2021	5	24	12.418	60.39	-14.09	57.03	58.75	103.88			1
3	12/11/2021	5	25	13.712	62.76	-11.05	58.71	59.74	100.66			1
3	12/11/2021	5	26	9.379	72.29	-13.23	56.65	58.18	103.15			1
3	12/11/2021	5	27	17.11	65.66	-6.84	60.33	60.72	96.47			1
3	12/11/2021	5	28	14.866	56.07	-11.13	50.33	51.55	102.47			1
3	12/11/2021	5	29	13.103	54.94	-9.91	48.66	49.66	101.52			1
3	12/11/2021	5	30	14.783	55.29	-8.51	49.37	50.10	99.78			1
3	12/11/2021	5	31	18.049	66.10	-9.26	61.34	62.03	98.58			1
3	12/11/2021	5	32	19.292	50.04	-11.66	41.35	42.96	105.75			1
3	12/11/2021	5	33	10.551	55.90	-20.06	50.41	54.26	111.69			1
3	12/11/2021	5	34	15.032	67.57	-11.16	57.70	58.77	100.95			1
3	12/11/2021	5	35	16.077	65.92	-11.24	57.04	58.14	101.14			1
3	12/11/2021	5	36	14.217	67.25	-5.31	66.38	66.59	94.57			1
3	12/11/2021	5	37	16.409	57.72	-6.28	53.34	53.71	96.72			1
3	12/11/2021	5	38	16.029	60.32	-10.32	56.97	57.90	100.26			1
3	12/11/2021	5	39	9.991	62.70	-11.51	48.77	50.11	103.28			1
3	12/11/2021	5	40	14.596	60.92	-10.03	58.82	59.67	99.68			1
3	12/11/2021	5	41	13.385	68.15	-14.51	56.52	58.35	104.40			1
3	12/11/2021	5	42	14.241	64.34	-10.22	55.64	56.57	100.41			1
3	12/11/2021	5	43	15.41	60.57	-16.20	52.35	54.80	107.20			1
3	12/11/2021	5	44	14.004	62.03	-10.60	51.27	52.36	101.69			1
3	12/11/2021	5	45	14.733	61.43	-7.39	56.80	57.27	97.42			1
3	12/11/2021	5	46	16.76	64.77	-12.90	61.48	62.82	101.85			1
3	12/11/2021	5	47	13.803	64.66	-7.33	53.26	53.76	97.84			1
3	12/11/2021	5	48	9.879	67.75	-10.14	55.53	56.45	100.35			1
3	12/11/2021	5	49	15.751	63.48	-10.69	62.05	62.96	99.78			1
3	12/11/2021	5	50	19.151	58.25	-5.31	53.22	53.48	95.70			1
3	12/11/2021	9	51	13.395	57.19	-4.90	43.30	43.58	96.46			1
3	12/11/2021	9	52	6.489	57.61	-12.94	46.20	47.97	105.65			1
3	12/11/2021	9	53	14.3	68.71	-9.85	54.54	55.42	100.24			1
3	12/11/2021	9	54	13.223	64.64	-12.03	55.82	57.10	102.16			1
3	12/11/2021	9	55	13.102	71.02	-10.53	59.69	60.61	100.00			1
3	12/11/2021	9	56	14.783	60.79	-8.97	52.88	53.64	99.63			1
3	12/11/2021	9	57	10.456	61.00	-12.40	48.10	49.67	104.45			1
3	12/11/2021	9	58	11.726	66.64	-9.67	56.14	56.97	99.77			1
3	12/11/2021	9	59	30.9	66.80	-8.94	59.22	59.89	98.59			1
3	12/11/2021	9	60	18.148	70.09	-9.60	59.70	60.47	99.14			1
3	12/11/2021	9	61	13.411	63.70	-10.45	56.07	57.04	100.56			1
3	12/11/2021	9	62	13.583	53.19	-15.45	45.10	47.68	108.91			1
3	12/11/2021	9	63	10.858	60.61	-9.10	46.58	47.46	101.06			1
3	12/11/2021	9	64	20.997	59.57	-10.73	53.67	54.73	101.31			1
3	12/11/2021	9	65	11.84	66.00	-9.97	56.75	57.62	99.97			1
3	12/11/2021	9	66	11.684	67.87	-2.90	62.90	62.97	92.64			1
3	12/11/2021	9	67	11.863	65.93	-12.30	61.01	62.24	101.40			1
3	12/11/2021	9	68	18.008	55.56	1.41	47.14	47.16	88.29			1
3	12/11/2021	9	69	12.79	68.80	-13.34	58.16	59.67	102.92			1
3	12/11/2021	9	70	10.209	58.28	-11.22	42.97	44.41	104.63			1
3	12/11/2021	9	71	13.233	54.37	-14.55	44.96	47.26	107.93			1
3	12/11/2021	9	72	9.442	58.64	-4.79	50.51	50.73	95.42			1
3	12/11/2021	9	73	13.234	57.23	-14.03	50.26	52.18	105.59			1
3	12/11/2021	9	74	16.129	65.58	-8.90	55.98	56.68	99.03			1
3	12/11/2021	9	75	14.593	65.39	-5.95	59.53	59.83	95.71			1
3	12/11/2021	9	76	17.615	68.33	-8.77	64.95	65.54	97.69			1
3	12/11/2021	9	77	14.095	65.58	-7.99	56.27	56.83	98.09			1
3	12/11/2021	9	78	22.786	65.79	-5.68	56.65	56.94	95.73			1
3	12/11/2021	9	79	10.296	65.78	-1.67	51.91	51.94	91.84			1
3	12/11/2021	9	80	14.905	63.57	-0.70	53.61	53.61	90.75			1
3	12/11/2021	9	81	13.829	56.11	-11.95	46.98	48.47	104.27			1
3	12/11/2021	9	82	21.93	52.09	-12.22	41.39	43.15	106.45			1
3	12/11/2021	9	83	13.628	52.09	-14.14	40.18	42.60	109.38			1
3	12/11/2021	9	84	8.84	61.65	-10.57	53.21	54.25	101.24			1
3	12/11/2021	9	85	14.36	64.62	-5.50	58.24	58.50	95.39			1
3	12/11/2021	9	86	10.908	66.32	-12.59	58.01	59.36	102.24			1
3	12/11/2021	9	87	10.378	64.82	-7.66	51.88	52.45	98.40			1
3	12/11/2021	9	88	12.805	66.00	-9.05	59.45	60.14	98.66			1
3	12/11/2021	9	89	15.459	59.35	-13.15	45.97	47.81	105.97			1
3	12/11/2021	9	90	14.152	66.29	-8.15	60.92	61.46	97.62			1
3	12/11/2021	9	91	10.012	57.80	-8.45	46.81	47.57	100.24			1
3	12/11/2021	9	92	27.477	64.98	-7.57	59.83	60.31	97.21			1
3	12/11/2021	9	93	18.914	73.66	-8.86	64.49	65.09	97.82			1
3	12/11/2021	9	94	13.992	49.12	-15.02	39.61	42.36	110.76			1
3	12/11/2021	9	95	17.746	66.48	-3.32	62.78	62.86	93.02			1
3	12/11/2021	9	96	12.445	58.18	-11.07	45.19	46.53	103.77			1
3	12/11/2021	9	97	14.653	55.88	-7.72	46.63	47.26	99.40			1
3	12/11/2021	9	98	8.883	64.70	-6.55	52.93	53.34	97.05			1
3	12/11/2021	9	99	12.01	62.58	-3.84	55.33	55.46	93.97			1
3	12/11/2021	9	100	14.491	64.80	-4.14	58.38	58.53	94.06			1
7	16/11/2021	5	1	12.64	72.54	-7.84	66.42	66.88	96.74			1
7	16/11/2021	5	2	14.164	61.91	-1.80	54.09	54.12	91.90			1
7	16/11/2021	5	3	11.483	64.81	-8.84	59.18	59.84	98.50			1
7	16/11/2021	5	4	11.695	68.98	-4.82	66.05	66.22	94.17			1
7	16/11/2021	5	5	16.863	70.49	0.39	65.84	65.84	89.66			1
7	16/11/2021	5	6	10.647	63.27	-10.47	55.31	56.29	100.72			1
7	16/11/2021	5	7	10.986	70.38	-2.10	62.47	62.51	91.92			1
7	16/11/2021	5	8	12.464	68.97	0.12	60.41	60.41	89.88			1
7	16/11/2021	5	9	12.234	74.83	0.86	63.70	63.71	89.22			1
7	16/11/2021	5	10	11.034	58.67	-10.29	51.71	52.72	101.25			1
7	16/11/2021	5	11	9.95	74.41	2.35	64.33	64.38	87.91			1
7	16/11/2021	5	12	17.672	63.22	0.34	55.67	55.67	89.65			1
7	16/11/2021	5	13	11.888	69.78	-0.77	63.53	63.54	90.69			1
7	16/11/2021	5	14	11.786	64.32	-7.86	56.46	57.00	97.93			1
7	16/11/2021	5	15	9.269	72.04	-5.43	61.08	61.32	95.08			1
7	16/11/2021	5	16	12.707	64.78	-4.05	55.97	56.11	94.14			1
7	16/11/2021	5	17	9.093	67.44	-10.51	58.45	59.39	100.19			1
7	16/11/2021	5	18	12.269	66.62	-8.58	60.38	60.99	98.09			1
7	16/11/2021	5	19	12.588	66.46	-5.07	54.71	54.95	95.30			1
7	16/11/2021	5	20	9.171	71.04	-2.50	69.25	69.30	92.06			1
7	16/11/2021	5	21	14.967	66.94	-2.79	62.53	62.59	92.56			1
7	16/11/2021	5	22	13.815	68.08	-4.44	62.23	62.39	94.08			1
7	16/11/2021	5	23	15.696	68.56	-11.64	57.55	58.71	101.44			1
7	16/11/2021	5	24	12.219	71.72	-4.53	58.81	58.99	94.40			1
7	16/11/2021	5	25	13.576	76.75	-9.29	57.33	58.07	99.20			1
7	16/11/2021	5	26	9.19	70.07	-2.34	66.92	66.96	92.00			1
7	16/11/2021	5	27	16.967	67.63	-4.26	61.01	61.16	94.00			1
7	16/11/2021	5	28	14.671	70.70	-4.21	63.52	63.66	93.79			1
7	16/11/2021	5	29	12.943	68.15	-7.76	61.24	61.73	97.22			1
7	16/11/2021	5	30	14.634	62.12	3.55	56.41	56.52	86.40			1
7	16/11/2021	5	31	17.625	69.30	-10.00	61.71	62.52	99.21			1
7	16/11/2021	5	32	19.094	63.57	-3.27	54.99	55.09	93.40			1
7	16/11/2021	5	33	10.427	69.40	-2.11	62.42	62.45	91.93			1
7	16/11/2021	5	34	14.933	69.18	-5.43	66.17	66.39	94.69			1
7	16/11/2021	5	35	15.955	73.68	-9.58	62.77	63.50	98.68			1
7	16/11/2021	5	36	14.038	70.44	0.69	61.45	61.46	89.35			1
7	16/11/2021	5	37	16.149	69.74	2.15	64.12	64.15	88.08			1
7	16/11/2021	5	38	15.878	74.89	-5.91	60.14	60.43	95.61			1
7	16/11/2021	5	39	9.79	70.72	-2.79	64.03	64.09	92.49			1
7	16/11/2021	5	40	14.395	65.18	-6.66	65.55	65.89	95.80			1
7	16/11/2021	5	41	13.269	71.16	-6.97	59.36	59.76	96.69			1
7	16/11/2021	5	42	13.988	75.74	-9.18	57.96	58.68	99.00			1
7	16/11/2021	5	43	15.293	74.94	-6.55	66.60	66.92	95.62			1
7	16/11/2021	5	44	13.808	70.12	0.80	60.43	60.44	89.24			1
7	16/11/2021	5	45	14.426	73.19	-2.26	60.23	60.27	92.15			1
7	16/11/2021	5	46	16.624	67.59	-6.52	60.83	61.18	96.12			1
7	16/11/2021	5	47	13.588	72.14	1.47	65.29	65.30	88.71			1
7	16/11/2021	5	48	9.704	73.44	-3.02	59.01	59.08	92.93			1
7	16/11/2021	5	49	15.585	66.92	-16.40	50.00	52.62	108.16			1
7	16/11/2021	5	50	18.88	68.66	-2.19	60.93	60.97	92.06			1
7	16/11/2021	9	51	13.24	73.09	0.82	75.49	75.50	89.37			1
7	16/11/2021	9	52	6.420	75.57	-2.16	64.28	64.32	91.93			1
7	16/11/2021	9	53	14.139	75.00	-2.03	63.69	63.72	91.83			1
7	16/11/2021	9	54	13.125	71.60	-2.59	63.53	63.59	92.34			1
7	16/11/2021	9	55	12.930	75.31	-7.37	66.53	66.94	96.32			1
7	16/11/2021	9	56	14.532	67.99	-8.14	64.43	64.94	97.20			1
7	16/11/2021	9	57	10.390	58.09	-0.74	46.45	46.46	90.92			1
7	16/11/2021	9	58	11.651	68.49	2.86	59.88	59.94	87.26			1
7	16/11/2021	9	59	30.768	70.21	0.17	63.45	63.45	89.85			1
7	16/11/2021	9	60	18.066	71.18	-1.07	62.73	62.74	90.98			1
7	16/11/2021	9	61	13.313	72.09	-0.77	67.16	67.17	90.65			1
7	16/11/2021	9	62	13.441	76.87	0.61	77.31	77.31	89.55			1
7	16/11/2021	9	63	10.738	76.92	1.21	64.15	64.16	88.92			1
7	16/11/2021	9	64	20.887	73.43	-0.04	67.41	67.41	90.03			1
7	16/11/2021	9	65	11.770	74.29	-3.13	69.41	69.48	92.58			1
7	16/11/2021	9	66	11.593	76.32	-0.58	65.40	65.40	90.51			1
7	16/11/2021	9	67	11.764	68.44	11.44	61.45	62.50	79.46			1
7	16/11/2021	9	68	17.854	70.55	0.60	64.76	64.76	89.47			1
7	16/11/2021	9	69	12.734	68.77	7.88	67.07	67.53	83.30			1
7	16/11/2021	9	70	10.158	72.75	4.81	68.33	68.50	85.97			1
7	16/11/2021	9	71	13.174	70.79	3.34	62.95	63.04	86.96			1
7	16/11/2021	9	72	9.367	66.79	1.37	64.70	64.71	88.78			1
7	16/11/2021	9	73	13.123	68.94	-1.57	67.76	67.78	91.33			1
7	16/11/2021	9	74	16.068	64.99	7.25	65.39	65.79	83.67			1
7	16/11/2021	9	75	14.510	73.30	0.21	70.93	70.93	89.83			1
7	16/11/2021	9	76	17.570	67.95	6.34	65.73	66.04	84.49			1
7	16/11/2021	9	77	14.021	68.96	0.77	64.44	64.44	89.31			1
7	16/11/2021	9	78	22.705	73.83	1.50	66.62	66.64	88.71			1
7	16/11/2021	9	79	10.232	70.27	-2.18	64.67	64.71	91.94			1
7	16/11/2021	9	80	14.835	68.23	0.87	64.31	64.32	89.23			1
7	16/11/2021	9	81	13.742	75.14	1.91	70.45	70.47	88.44			1
7	16/11/2021	9	82	21.788	70.38	3.03	67.77	67.83	87.44			1
7	16/11/2021	9	83	13.508	71.05	2.58	68.13	68.18	87.83			1
7	16/11/2021	9	84	8.773	68.98	-2.67	68.49	68.54	92.23			1
7	16/11/2021	9	85	14.156	68.24	3.84	58.33	58.45	86.23			1
7	16/11/2021	9	86	10.837	73.69	3.44	70.30	70.38	87.20			1
7	16/11/2021	9	87	10.305	71.15	2.80	60.67	60.73	87.36			1
7	16/11/2021	9	88	12.756	71.52	-1.85	71.65	71.68	91.48			1
7	16/11/2021	9	89	15.385	65.72	-5.27	58.58	58.81	95.14			1
7	16/11/2021	9	90	14.027	79.29	-2.06	63.79	63.83	91.85			1
7	16/11/2021	9	91	9.944	73.64	-1.59	65.73	65.75	91.39			1
7	16/11/2021	9	92	27.414	74.84	-6.01	70.34	70.60	94.89			1
7	16/11/2021	9	93	18.807	67.03	1.66	61.89	61.91	88.47			1
7	16/11/2021	9	94	13.936	60.48	2.96	52.68	52.77	86.78			1
7	16/11/2021	9	95	17.639	64.96	-0.92	59.33	59.33	90.89			1
7	16/11/2021	9	96	12.413	73.94	-4.60	66.73	66.89	93.94			1
7	16/11/2021	9	97	14.611	63.13	-1.82	61.31	61.34	91.70			1
7	16/11/2021	9	98	8.729	70.90	-8.20	65.44	65.95	97.15			1
7	16/11/2021	9	99	11.949	64.07	-4.37	57.96	58.13	94.31			1
7	16/11/2021	9	100	14.383	66.83	0.27	63.77	63.77	89.75			1
10	19/11/2021	5	1	12.4	71.40	1.79	67.37	67.40	88.48			1
10	19/11/2021	5	2	13.94	69.80	-4.52	61.39	61.56	94.21			1
10	19/11/2021	5	3	11.304	61.12	-8.37	54.93	55.56	98.67			1
10	19/11/2021	5	4	11.324	68.77	-1.17	65.85	65.86	91.02			1
10	19/11/2021	5	5	16.526	60.93	-6.76	55.34	55.75	96.96			1
10	19/11/2021	5	6	10.369	63.06	-5.32	55.89	56.14	95.44			1
10	19/11/2021	5	7	10.858	76.50	1.34	69.84	69.85	88.90			1
10	19/11/2021	5	8	12.291	69.01	-10.71	59.94	60.89	100.13			1
10	19/11/2021	5	9	11.956	58.48	-0.53	50.05	50.06	90.60			1
10	19/11/2021	5	10	10.745	58.84	2.10	51.15	51.19	87.65			1
10	19/11/2021	5	11	9.708	70.61	2.19	63.75	63.79	88.03			1
10	19/11/2021	5	12	17.193	56.99	-7.65	46.64	47.27	99.32			1
10	19/11/2021	5	13	11.564	61.91	1.17	56.20	56.21	88.80			1
10	19/11/2021	5	14	11.568	62.40	-5.48	58.47	58.73	95.35			1
10	19/11/2021	5	15	9.067	63.69	-3.84	49.49	49.64	94.44			1
10	19/11/2021	5	16	12.402	62.15	0.63	54.56	54.57	89.34			1
10	19/11/2021	5	17	8.892	63.07	-1.32	56.25	56.26	91.35			1
10	19/11/2021	5	18	12.017	60.00	1.02	49.29	49.30	88.81			1
10	19/11/2021	5	19	12.259	68.23	-1.36	60.44	60.45	91.29			1
10	19/11/2021	5	20	8.904	67.38	-4.81	62.46	62.65	94.40			1
10	19/11/2021	5	21	14.613	69.91	1.07	61.82	61.83	89.01			1
10	19/11/2021	5	22	13.583	61.16	-1.74	52.92	52.95	91.89			1
10	19/11/2021	5	23	15.454	63.26	-2.71	57.82	57.89	92.69			1
10	19/11/2021	5	24	11.953	55.31	-10.68	45.45	46.69	103.22			1
10	19/11/2021	5	25	13.395	74.63	-3.14	63.69	63.77	92.83			1
10	19/11/2021	5	26	8.99	66.71	-1.88	59.35	59.38	91.81			1
10	19/11/2021	5	27	16.542	66.76	-2.32	58.20	58.24	92.28			1
10	19/11/2021	5	28	14.435	64.86	-6.90	59.00	59.40	96.67			1
10	19/11/2021	5	29	12.737	70.72	2.29	65.18	65.22	87.99			1
10	19/11/2021	5	30	14.315	67.76	-4.07	59.79	59.93	93.89			1
10	19/11/2021	5	31	17.167	71.99	3.81	68.67	68.77	86.83			1
10	19/11/2021	5	32	18.738	58.23	-3.79	48.10	48.25	94.51			1
10	19/11/2021	5	33	10.301	64.65	-3.73	54.03	54.16	93.95			1
10	19/11/2021	5	34	14.679	66.80	-15.32	50.95	53.20	106.73			1
10	19/11/2021	5	35	15.73	69.48	-1.52	64.48	64.50	91.35			1
10	19/11/2021	5	36	13.768	74.79	-1.26	65.95	65.96	91.10			1
10	19/11/2021	5	37	15.879	61.26	-1.50	52.93	52.95	91.62			1
10	19/11/2021	5	38	15.645	74.52	1.41	65.52	65.53	88.77			1
10	19/11/2021	5	39	9.562	62.78	-4.85	54.65	54.86	95.07			1
10	19/11/2021	5	40	14.204	64.47	-2.44	60.14	60.19	92.33			1
10	19/11/2021	5	41	13.09	68.62	-3.38	63.70	63.79	93.04			1
10	19/11/2021	5	42	13.577	72.70	-2.84	62.48	62.55	92.61			1
10	19/11/2021	5	43	15.048	68.35	-8.23	55.54	56.14	98.43			1
10	19/11/2021	5	44	13.507	76.92	-2.18	67.52	67.56	91.85			1
10	19/11/2021	5	45	14.01	68.07	2.47	54.87	54.92	87.42			1
10	19/11/2021	5	46	16.395	72.65	-2.64	58.81	58.87	92.57			1
10	19/11/2021	5	47	13.252	73.35	-1.98	70.52	70.55	91.61			1
10	19/11/2021	5	48	9.471	64.07	-1.82	57.78	57.81	91.80			1
10	19/11/2021	5	49	15.394								1
10	19/11/2021	5	50	18.621								1
10	19/11/2021	9	51	12.863	64.494	5.935	54.800	55.121	83.819			1
10	19/11/2021	9	52	6.246	72.440	6.639	66.365	66.696	84.287			1
10	19/11/2021	9	53									0
10	19/11/2021	9	54	12.911	72.728	4.308	68.755	68.890	86.415			1
10	19/11/2021	9	55	12.715	71.005	6.338	67.412	67.709	84.629			1
10	19/11/2021	9	56									0
10	19/11/2021	9	57	10.193	69.455	4.941	62.826	63.020	85.504			1
10	19/11/2021	9	58	11.414	73.662	4.196	68.287	68.416	86.483			1
10	19/11/2021	9	59									0
10	19/11/2021	9	60									0
10	19/11/2021	9	61									0
10	19/11/2021	9	62	13.206	70.551	2.279	71.012	71.049	88.162			1
10	19/11/2021	9	63	10.53	69.739	6.188	59.375	59.696	84.050			1
10	19/11/2021	9	64									0
10	19/11/2021	9	65									0
10	19/11/2021	9	66									0
10	19/11/2021	9	67	11.576	73.753	6.296	75.190	75.453	85.214			1
10	19/11/2021	9	68									0
10	19/11/2021	9	69									0
10	19/11/2021	9	70									0
10	19/11/2021	9	71	12.935	71.136	-2.702	68.726	68.780	92.251			1
10	19/11/2021	9	72	9.124	65.604	10.431	57.843	58.776	79.778			1
10	19/11/2021	9	73	12.88	64.800	-0.537	61.198	61.200	90.503			1
10	19/11/2021	9	74									0
10	19/11/2021	9	75	14.173	70.170	9.497	65.031	65.721	81.691			1
10	19/11/2021	9	76	17.286	74.895	6.170	73.828	74.086	85.223			1
10	19/11/2021	9	77	13.609	66.902	7.603	62.060	62.524	83.016			1
10	19/11/2021	9	78									0
10	19/11/2021	9	79	9.926	68.036	8.556	57.587	58.219	81.549			1
10	19/11/2021	9	80	14.283	66.421	8.804	62.759	63.373	82.014			1
10	19/11/2021	9	81									0
10	19/11/2021	9	82	21.334	63.058	-5.784	55.833	56.131	95.915			1
10	19/11/2021	9	83	13.287	73.604	2.022	67.151	67.182	88.275			1
10	19/11/2021	9	84	8.466	63.801	3.132	57.086	57.172	86.860			1
10	19/11/2021	9	85									0
10	19/11/2021	9	86									0
10	19/11/2021	9	87	10.063	67.230	8.519	57.800	58.425	81.616			1
10	19/11/2021	9	88									0
10	19/11/2021	9	89	15.161	73.546	2.474	71.460	71.503	88.017			1
10	19/11/2021	9	90									0
10	19/11/2021	9	91									0
10	19/11/2021	9	92									0
10	19/11/2021	9	93									0
10	19/11/2021	9	94	13.709	67.139	-4.143	61.705	61.844	93.841			1
10	19/11/2021	9	95									0
10	19/11/2021	9	96									0
10	19/11/2021	9	97	14.422	71.611	4.105	66.762	66.888	86.482			1
10	19/11/2021	9	98	8.518	67.322	5.954	54.955	55.277	83.817			1
10	19/11/2021	9	99	11.705	70.270	7.236	67.171	67.560	83.851			1
10	19/11/2021	9	100									0
14	23/11/2021	5	1	12.127	65.77	4.81	63.59	63.77	85.67			1
14	23/11/2021	5	2	13.121	73.74	-1.70	67.88	67.90	91.43			1
14	23/11/2021	5	3	11.121	64.51	-2.89	60.48	60.55	92.73			1
14	23/11/2021	5	4	11.027	68.22	2.06	66.01	66.05	88.21			1
14	23/11/2021	5	5	16.22	57.64	-2.39	50.35	50.40	92.72			1
14	23/11/2021	5	6									0
14	23/11/2021	5	7	10.7	73.70	3.83	72.17	72.27	86.96			1
14	23/11/2021	5	8	12.118	67.07	-13.31	53.98	55.60	103.85			1
14	23/11/2021	5	9									0
14	23/11/2021	5	10	10.494	58.72	0.54	52.59	52.59	89.41			1
14	23/11/2021	5	11	9.465	68.09	1.25	60.17	60.18	88.81			1
14	23/11/2021	5	12	16.636	58.07	-5.14	49.10	49.36	95.98			1
14	23/11/2021	5	13									0
14	23/11/2021	5	14	11.355	58.01	-2.18	51.00	51.05	92.45			1
14	23/11/2021	5	15									0
14	23/11/2021	5	16									0
14	23/11/2021	5	17	8.715	63.17	-1.42	52.86	52.88	91.54			1
14	23/11/2021	5	18	11.796	67.48	-0.33	57.30	57.30	90.33			1
14	23/11/2021	5	19	11.959	67.68	0.51	61.11	61.11	89.52			1
14	23/11/2021	5	20	8.689	66.35	-2.16	62.33	62.37	91.99			1
14	23/11/2021	5	21	14.267	62.76	0.22	58.19	58.19	89.78			1
14	23/11/2021	5	22	13.367	58.18	-0.16	49.28	49.28	90.19			1
14	23/11/2021	5	23	15.239	67.69	2.88	63.86	63.93	87.41			1
14	23/11/2021	5	24	11.714	57.48	-8.77	49.62	50.39	100.02			1
14	23/11/2021	5	25	13.219	74.28	-1.10	66.71	66.72	90.95			1
14	23/11/2021	5	26									0
14	23/11/2021	5	27	16.192	67.80	4.29	60.05	60.21	85.92			1
14	23/11/2021	5	28	14.241	68.99	0.27	65.55	65.55	89.76			1
14	23/11/2021	5	29	12.507	68.58	5.78	64.28	64.54	84.86			1
14	23/11/2021	5	30	14.05	65.71	-0.26	55.90	55.90	90.26			1
14	23/11/2021	5	31	16.636	69.31	2.29	62.06	62.10	87.89			1
14	23/11/2021	5	32	18.374	67.20	5.56	61.95	62.20	84.87			1
14	23/11/2021	5	33	10.161	65.65	-10.47	59.59	60.50	99.97			1
14	23/11/2021	5	34	14.449	74.89	1.69	66.26	66.28	88.54			1
14	23/11/2021	5	35	15.553	71.95	-0.98	69.60	69.61	90.80			1
14	23/11/2021	5	36	13.525	74.44	5.66	67.06	67.30	85.17			1
14	23/11/2021	5	37	15.614	61.77	3.71	53.78	53.91	86.05			1
14	23/11/2021	5	38	15.45	70.76	4.75	64.89	65.07	85.82			1
14	23/11/2021	5	39	9.346	65.75	0.16	60.46	60.46	89.85			1
14	23/11/2021	5	40	13.971	71.13	1.34	64.32	64.33	88.81			1
14	23/11/2021	5	41	12.911	70.10	3.29	67.38	67.46	87.20			1
14	23/11/2021	5	42	13.158	62.48	0.78	56.08	56.08	89.20			1
14	23/11/2021	5	43	14.828	74.05	-1.78	64.62	64.65	91.58			1
14	23/11/2021	5	44	13.239	66.36	2.71	57.71	57.77	87.31			1
14	23/11/2021	5	45	13.572	57.99	1.20	51.11	51.12	88.65			1
14	23/11/2021	5	46	16.128	71.65	-1.24	65.46	65.47	91.08			1
14	23/11/2021	5	47	12.938	68.16	6.71	58.78	59.16	83.49			1
14	23/11/2021	5	48	9.225	68.31	-2.63	61.51	61.57	92.45			1
14	23/11/2021	5	49	15.194	71.41	3.43	69.99	70.07	87.20			1
14	23/11/2021	5	50									0
14	23/11/2021	9	51	12.609	57.96	6.18	46.42	46.83	82.42			1
14	23/11/2021	9	52	6.115	70.27	11.99	72.66	73.64	80.63			1
14	23/11/2021	9	53									0
14	23/11/2021	9	54	12.763	71.49	8.31	68.56	69.06	83.09			1
14	23/11/2021	9	55									0
14	23/11/2021	9	56									0
14	23/11/2021	9	57	9.993	67.46	11.95	59.68	60.87	78.68			1
14	23/11/2021	9	58	11.247	68.41	8.43	62.19	62.76	82.28			1
14	23/11/2021	9	59									0
14	23/11/2021	9	60									0
14	23/11/2021	9	61									0
14	23/11/2021	9	62	12.964	67.80	8.27	68.32	68.81	83.10			1
14	23/11/2021	9	63	10.3	69.73	11.61	62.40	63.47	79.46			1
14	23/11/2021	9	64									0
14	23/11/2021	9	65									0
14	23/11/2021	9	66									0
14	23/11/2021	9	67	11.394	72.75	10.17	73.17	73.87	82.08			1
14	23/11/2021	9	68									0
14	23/11/2021	9	69									0
14	23/11/2021	9	70									0
14	23/11/2021	9	71	12.759	64.96	3.41	60.56	60.66	86.78			1
14	23/11/2021	9	72	8.967	61.66	14.36	56.64	58.44	75.78			1
14	23/11/2021	9	73	12.665	65.59	4.91	62.49	62.69	85.51			1
14	23/11/2021	9	74									0
14	23/11/2021	9	75	13.938	65.25	13.18	57.82	59.31	77.16			1
14	23/11/2021	9	76	17.035	70.52	10.23	69.83	70.58	81.67			1
14	23/11/2021	9	77	13.341	66.74	10.74	62.10	63.02	80.19			1
14	23/11/2021	9	78									0
14	23/11/2021	9	79									0
14	23/11/2021	9	80	13.921	65.08	10.73	61.26	62.19	80.07			1
14	23/11/2021	9	81									0
14	23/11/2021	9	82	20.891	74.21	2.05	69.24	69.27	88.30			1
14	23/11/2021	9	83	13.067	70.52	7.25	66.79	67.18	83.81			1
14	23/11/2021	9	84	8.259	61.29	4.90	53.47	53.69	84.76			1
14	23/11/2021	9	85									0
14	23/11/2021	9	86									0
14	23/11/2021	9	87	9.852	65.23	12.44	56.26	57.62	77.54			1
14	23/11/2021	9	88									0
14	23/11/2021	9	89	14.932	68.96	7.23	65.83	66.22	83.73			1
14	23/11/2021	9	90									0
14	23/11/2021	9	91									0
14	23/11/2021	9	92									0
14	23/11/2021	9	93									0
14	23/11/2021	9	94	13.429	60.45	-0.95	54.66	54.67	91.00			1
14	23/11/2021	9	95									0
14	23/11/2021	9	96									0
14	23/11/2021	9	97									0
14	23/11/2021	9	98	8.318	63.99	9.30	53.72	54.52	80.18			1
14	23/11/2021	9	99	11.523	67.92	8.79	59.44	60.09	81.59			1
14	23/11/2021	9	100									0
