YEAR	REG	ACC	Conc	AAO	FEN	CLOA	CLOB	CARO	INDMAD	ATT	RATIO	BRIX	AAO25	AAO50	AAO100	AAO250
2019	Concordia	154	0.025	48.77	405.35	1.823399801	3.124027916	18.53000997	0.3611	1.984	6.350806452	12.6	60.02	80.37	94.44	94.01
2019	Concordia	154	0.050	71.16	266.06	3.935641283	6.712825651	21.45450902	0.3611	1.664	6.911057692	11.5	47.54	58.62	87.87	92.83
2019	Concordia	154	0.100	92.56	402.37	2.585881783	4.389147287	19.89728682	0.3611	2.208	3.759057971	8.3	50.10	71.79	94.59	93.22
2019	Concordia	154	0.250	94.40	248.64	3.977543147	6.768121827	19.45705584	0.3611	1.504	5.45212766	8.2	37.43	73.88	93.35	95.97
2019	Concordia	156	0.025	31.35	295.43	0.392062374	0.679275654	9.377062374	0.4722	1.984	3.830645161	7.6	23.25	45.83	78.45	95.66
2019	Concordia	156	0.050	55.45	233.14	4.315500506	7.290798787	12.45055612	0.4722	1.664	4.927884615	8.2	29.05	46.51	78.79	95.23
2019	Concordia	156	0.100	86.01	293.45	5.380738189	9.187598425	10.68425197	0.4722	1.76	3.352272727	5.9	35.78	63.97	93.78	96.17
2019	Concordia	156	0.250	95.78	242.49	10.37674044	17.64748491	18.23702213	0.4722				37.31	65.50	93.02	96.08
2019	Concordia	161	0.025	32.14	252.96	4.992251721	8.514650934	23.86430678	0.3889	3.008	3.191489362	9.6	20.82	36.64	67.11	95.73
2019	Concordia	161	0.050	53.37	466.71	14.46492462	24.55376884	14.36502513	0.3889	1.088	6.066176471	6.6	44.44	71.52	95.51	96.69
2019	Concordia	161	0.100	82.95	304.49	28.84582609	48.84985507	16.46801932	0.3889	1.28	6.09375	7.8	34.44	55.48	89.26	96.39
2019	Concordia	161	0.250	96.21	211.34	5.400331992	9.060965795	15.65030181	0.3889	2.304	3.90625	9	28.84	49.82	79.91	96.03
2019	Concordia	171	0.025	79.67	439.53	0.642268431	1.109073724	14.2241966	0.6111	3.52	3.75	13.2	97.67	96.69	97.86	98.44
2019	Concordia	171	0.050	95.26	498.14	1.866761421	3.214416244	16.19329949	0.6111	1.984	5.997983871	11.9	70.91	95.62	97.28	98.74
2019	Concordia	171	0.100	96.67	262.02	0.827984934	1.438229755	15.70094162	0.6111	2.24	4.330357143	9.7	77.82	94.94	96.11	96.89
2019	Concordia	171	0.250	97.67	277.31	0.388544367	0.673180459	17.81016949	0.6111	2.069333333	3.914304124	8.1	72.28	93.77	95.43	96.60
2019	Concordia	174	0.025	63.23	216.16	4.943628319	8.35339233	19.30894789	0.5278	2.176	3.676470588	8	63.01	93.21	95.91	96.43
2019	Concordia	174	0.050	90.45	487.10	19.99928501	33.982762	15.20470127	0.5278	1.429333333	4.104477612	5.866666667	69.71	93.12	96.00	95.91
2019	Concordia	174	0.100	95.54	245.03	12.32963504	20.89744526	23.72664234	0.5278	1.429333333	4.804104478	6.866666667	63.53	91.56	95.39	96.08
2019	Concordia	174	0.250	96.08	249.28	6.295212465	10.6776204	16.83286119	0.5278	2.346666667	2.997159091	7.033333333	56.66	83.90	94.87	95.91
2019	Concordia	175	0.025	86.39	1593.57	5.097536364	8.628909091	19.88472727	0.1667	1.3056	6.306168301	8.233333333	93.46	95.61	96.15	96.87
2019	Concordia	175	0.050	94.23	401.10	5.561888702	9.467959528	16.69274874	0.1667				93.38	95.52	95.70	96.78
2019	Concordia	175	0.100	96.04	3294.37	3.111457006	5.281687898	14.58598726	0.1667				64.37	90.60	96.51	98.30
2019	Concordia	175	0.250	96.87		13.98502935	23.73189824	17.36986301	0.1667				94.36	95.17	95.79	95.52
2019	Concordia	178	0.025	95.50	943.83	3.344661355	5.712948207	7.020318725	0.0909	1.76	7.859848485	13.83333333	95.89	96.27	95.89	95.37
2019	Concordia	178	0.050	95.57	1784.67	9.51246866	16.22044359	7.721890068	0.0909	0.768	15.27777778	11.73333333	94.60	93.70	94.22	92.93
2019	Concordia	178	0.100	95.66	1604.19	2.91788	5.0476	10.068	0.0909	2.688	4.253472222	11.43333333	94.99	95.50	95.50	95.89
2019	Concordia	178	0.250	95.05	803.69	4.613330134	7.895201536	7.747792706	0.0909	1.770666667	5.026355422	8.9	96.53	96.79	97.04	96.02
2019	Concordia	185	0.025	92.22	868.45	10.80638941	18.48223062	8.361058601	0.3636	0.512	5.924479167	3.033333333	92.42	95.01	96.61	97.31
2019	Concordia	185	0.050	93.51	670.55	0.978452498	1.733594515	9.154162586	0.3636	1.2608	9.359137056	11.8	94.91	95.41	97.21	98.10
2019	Concordia	185	0.100	95.68	1080.78	8.26079803	14.16965517	7.922364532	0.3636	0.9792	8.578431373	8.4	88.82	89.82	93.71	94.81
2019	Concordia	185	0.250	96.31	1274.43	3.136305182	5.36621881	20.22111324	0.3636	0.8576	8.356654229	7.166666667	92.71	93.81	95.21	95.01
2019	Concordia	193	0.025	94.52	460.77	1.377889306	2.398311445	14.5467167	0.3889	2.256	4.432624113	10	95.42	96.48	96.68	96.21
2019	Concordia	193	0.050	95.91	1193.74	4.676679612	8.019029126	11.33553398	0.3889	1.728	5.941358025	10.26666667	95.81	95.95	95.81	95.22
2019	Concordia	193	0.100	96.03	1174.21	2.86217433	4.910153257	13.08045977	0.3889	1.5936	4.769076305	7.6	95.35	95.68	95.48	95.22
2019	Concordia	193	0.250	95.55	574.58	0.494065282	0.87537092	18.4371909	0.3889	1.9072	4.35192953	8.3	91.50	95.55	96.15	95.55
2019	Concordia	197	0.025	56.46	259.19	2.62905042	4.439831933	9.719327731	0.4444	1.6832	5.92126109	9.966666667	42.63	60.15	86.65	97.03
2019	Concordia	197	0.050	80.63	1003.49	12.97355769	22.10480769	8.667692308	0.4444	1.597866667	5.799399199	9.266666667	71.92	94.35	95.74	96.76
2019	Concordia	197	0.100	94.05	359.69	4.361090909	7.449090909	13.55636364	0.4444	1.62304	6.654179811	10.8	53.57	82.11	97.03	98.33
2019	Concordia	197	0.250	97.61	348.65	2.655353234	4.507064677	12.83104478	0.4444				57.74	85.91	96.76	98.33
2019	Concordia	198	0.025	21.25	170.29	1.319433962	2.337735849	9.922264151	0.8889	2.848	3.429307116	9.766666667	20.39	38.83	69.20	95.15
2019	Concordia	198	0.050	39.56	151.89	0.674349084	1.194792671	19.93442623	0.8889	1.664	6.730769231	11.2	14.12	28.68	52.25	88.00
2019	Concordia	198	0.100	68.69	323.46	3.397903711	5.851755266	9.658174524	0.8889	2.1376	4.600174651	9.833333333	27.36	51.10	85.35	95.50
2019	Concordia	198	0.250	92.41	215.87	0.383861671	0.680115274	7.377521614	0.8889	1.9264	5.848560354	11.26666667	23.12	39.63	67.96	91.00
2019	Concordia	199	0.025	32.70	248.71	1.526777669	2.645249755	14.29265426	0.7778	1.7088	5.188826467	8.866666667	33.36	55.68	85.81	95.77
2019	Concordia	199	0.050	53.76	196.62	6.121291822	10.40539033	17.27769517	0.7778	1.9616	3.942359978	7.733333333	36.93	58.51	88.13	95.77
2019	Concordia	199	0.100	84.09	109.71	4.263418719	7.297931034	19.53261084	0.7778	1.792	5.87797619	10.53333333	27.39	47.22	78.51	95.02
2019	Concordia	199	0.250	95.48	206.25	2.842726378	4.871259843	18.89173228	0.7778	2.112	4.466540404	9.433333333	33.11	53.61	83.90	95.35
2019	Concordia	208	0.025	95.80	1815.46	9.799210037	16.72304833	10.33828996	0.5278				96.79	96.43	95.54	96.07
2019	Concordia	208	0.050	95.63	1210.73	7.806115035	13.27568113	8.462563068	0.5278				95.54	95.71	96.43	96.34
2019	Concordia	208	0.100	95.98	1202.24	9.384204204	15.98438438	11.46826827	0.5278				95.54	95.45	96.25	96.43
2019	Concordia	208	0.250	96.07	1768.75	15.11311587	25.78033106	12.48062317	0.5278				95.36	94.91	95.71	95.45
2019	Palmar	260	0.025	35.40	364.58	5.207165669	8.799001996	10.81317365	0.5278	2.432	3.344298246	8.133333333	38.58	65.68	93.35	96.24
2019	Palmar	260	0.050	58.94	340.80	5.196292247	8.796620278	10.98131213	0.5278	1.770666667	4.913403614	8.7	34.18	50.29	83.02	95.30
2019	Palmar	260	0.100	88.04	383.69	8.372250712	14.13732194	10.76923077	0.5278	0.917333333	6.395348837	5.866666667	35.98	61.05	88.58	92.49
2019	Palmar	260	0.250	94.08	334.00	3.030575342	5.118356164	11.93534247	0.5278	1.7664	4.906400966	8.666666667	32.88	58.74	87.21	92.27
2019	Palmar	261	0.025	34.00	453.33	4.454527919	7.566700508	17.26781726	0.5185	1.450666667	5.46875	7.933333333	43.30	73.07	94.83	96.17
2019	Palmar	261	0.050	56.95	333.15	3.633499025	6.18460039	14.74736842	0.5185	1.3792	6.18716164	8.533333333	43.02	70.30	94.76	95.75
2019	Palmar	261	0.100	85.58	281.77	3.944137931	6.724712644	18.13908046	0.5185				22.75	34.87	67.54	94.05
2019	Palmar	261	0.250	95.25	414.26	2.840029703	4.835247525	12.81029703	0.5185				26.93	49.54	85.19	95.04
2019	Palmar	262	0.025	44.86	506.84	18.30052427	31.1784466	11.91067961	0.3333	0.7808	9.477459016	7.4	52.17	75.19	94.80	96.29
2019	Palmar	262	0.050	71.00	412.57	10.92735238	18.60419048	12.91390476	0.3333				48.14	71.16	93.96	95.33
2019	Palmar	262	0.100	93.82	480.94	11.3361523	19.3503006	21.73186373	0.3333				44.55	75.29	94.49	95.23
2019	Palmar	262	0.250	95.78	367.13	9.108245283	15.50358491	15.62830189	0.3333				34.57	62.35	92.05	96.29
2019	Palmar	268	0.025	35.48	277.10	7.866094675	13.30414201	10.73293886	0.7778	1.608533333	4.952751989	7.966666667	33.51	60.42	90.31	96.01
2019	Palmar	268	0.050	61.28	499.20	10.79712937	18.32219075	11.70311615	0.7778	1.546666667	3.943965517	6.1	53.35	85.78	95.29	95.56
2019	Palmar	268	0.100	86.21	359.48	6.732865672	11.42746269	9.663283582	0.7778	1.8784	3.779812606	7.1	31.88	56.61	88.32	94.93
2019	Palmar	268	0.250	95.20	250.77	3.092078818	5.237635468	12.89576355	0.7778	1.988266667	4.1409603	8.233333333	23.19	42.30	70.92	94.29
2019	Palmar	271	0.025	31.41	395.15	3.519642185	6.005838041	9.808286252	0.5556	2.289066667	3.771551724	8.633333333	45.05	77.40	96.23	97.13
2019	Palmar	271	0.050	54.16	286.86	4.628795518	7.858823529	8.950140056	0.5556	1.986133333	4.078276047	8.1	28.91	49.96	83.95	96.15
2019	Palmar	271	0.100	83.07	307.25	6.692717498	11.33528837	12.89892473	0.5556	1.7856	4.778972521	8.533333333	27.27	43.08	73.38	95.17
2019	Palmar	271	0.250	95.80	268.60	2.673209429	4.528558477	6.529102448	0.5556				24.41	46.19	78.71	94.76
2019	Palmar	272	0.025	44.44	611.95	8.627542121	14.69554014	10.31318137	0.6667	2.1504	4.557291667	9.8	70.98	92.81	95.42	95.70
2019	Palmar	272	0.050	64.93	475.84	0.901729323	1.540225564	17.33157895	0.6667	1.6544	5.601225016	9.266666667	45.42	72.99	94.29	95.84
2019	Palmar	272	0.100	86.83	332.73	0.181384909	0.30678128	19.5243553	0.6667	1.9168	5.634390651	10.8	34.70	53.88	85.40	95.56
2019	Palmar	272	0.250	95.33	387.09	4.483364486	7.657943925	24.87268951	0.6667				26.66	40.06	72.21	94.22
2019	Palmar	274	0.025	36.40	951.68	13.11398239	22.35303327	17.71976517	0.5	1.393066667	5.647013783	7.866666667	37.32	69.97	94.35	95.73
2019	Palmar	274	0.050	61.16	735.95	2.930964215	4.965208748	18.39125249	0.5				36.73	58.87	88.11	95.47
2019	Palmar	274	0.100	88.47	333.58	2.939681774	4.987463838	19.99807136	0.5				24.70	43.04	77.33	94.88
2019	Palmar	274	0.250	95.39	335.28	0.097558594	0.172851563	13.96953125	0.5				42.18	69.91	93.23	95.14
2019	Palmar	276	0.025	29.33	308.52	1.691751468	2.892759295	16.2183953	0.6389	1.7344	5.323646986	9.233333333	16.02	29.38	56.22	90.79
2019	Palmar	276	0.050	53.17	436.35	4.200816929	7.097047244	16.43503937	0.6389	1.2416	6.765463918	8.4	43.04	74.83	94.25	95.05
2019	Palmar	276	0.100	79.56	253.74	4.690574018	7.941389728	21.37724068	0.6389	1.5488	5.961604683	9.233333333	38.28	62.59	91.22	98.02
2019	Palmar	276	0.250	94.73	295.78	1.650526849	2.816008105	12.695846	0.6389	1.461333333	5.816605839	8.5	14.22	42.05	74.89	94.62
2019	Palmar	280	0.025	55.46	409.17	1.798301508	3.017286432	11.69246231	0.7778	2.0896	4.801556917	10.03333333	79.57	94.69	95.28	96.81
2019	Palmar	280	0.050	72.85	376.47	2.847687805	4.777170732	15.0915122	0.7778				48.76	64.23	87.01	96.46
2019	Palmar	280	0.100	92.56	514.91	2.931090226	4.934774436	11.77518797	0.7778				51.59	63.75	93.86	95.75
2019	Palmar	280	0.250	96.28	438.05	4.704787879	7.965454545	10.9410101	0.7778				41.91	68.71	94.10	96.10
2019	Palmar	281	0.025	91.97	932.15	2.369342629	4.015338645	14.92669323	0.2222				92.61	97.25	96.88	96.88
2019	Palmar	281	0.050	96.47	761.43	2.238149284	3.793660532	17.99222904	0.2222				96.50	96.50	96.59	96.69
2019	Palmar	281	0.100	96.59	823.43	2.830237624	4.802772277	16.04594059	0.2222				93.56	95.83	96.50	96.50
2019	Palmar	281	0.250	96.69	982.26	1.784112426	3.025443787	12.42721893	0.2222				85.23	96.31	96.40	96.69
2019	Palmar	284	0.025	59.01	797.95	2.298209563	3.854323499	16.63072228	0.5185	2.2912	3.971717877	9.1	51.82	83.77	95.60	96.62
2019	Palmar	284	0.050	86.73	639.13	1.31548583	2.17611336	13.93967611	0.5185	3.1168	3.866144764	12.05	50.63	74.30	94.51	96.28
2019	Palmar	284	0.100	95.77	535.51	2.277358871	3.819354839	18.34798387	0.5185				62.40	93.24	96.53	96.79
2019	Palmar	284	0.250	96.62	296.21	1.883559322	3.169690927	16.75812562	0.5185				71.17	95.60	96.45	96.79
2019	Palmar	285	0.025	89.23	407.47	3.014851105	5.106820365	24.47070125	0.5833	1.770666667	4.254518072	7.533333333	96.65	97.87	98.63	98.78
2019	Palmar	285	0.050	96.19	441.87	3.338140214	5.661538462	14.09776047	0.5833	1.5616	4.482581967	7	92.09	96.50	96.65	96.96
2019	Palmar	285	0.100	96.61	442.93	4.137661943	7.006275304	14.54210526	0.5833	1.604266667	3.677692819	5.9	95.59	96.04	95.74	96.19
2019	Palmar	285	0.250	96.77	404.07	1.950243902	3.306341463	13.62809756	0.5833	1.911466667	3.563232422	6.811	72.60	94.37	95.43	95.13
2019	Palmar	286	0.025	70.80	381.78	1.049890981	1.799603568	9.203964321	0.3889	2.8672	3.266834077	9.366666667	60.02	90.09	96.27	96.39
2019	Palmar	286	0.050	91.55	443.78	5.304	9.034455446	9.128712871	0.3889	1.6384	3.682454427	6.033333333	80.42	94.99	96.50	95.92
2019	Palmar	286	0.100	95.31	434.22	4.712386473	8.024541063	9.301642512	0.3889	1.4208	4.269894895	6.066666667	84.27	95.45	96.04	96.04
2019	Palmar	286	0.250	96.10	315.32	3.351337325	5.724351297	14.34211577	0.3889	1.243733333	5.896226415	7.333333333	58.51	85.66	92.42	96.04
2019	Palmar	287	0.025	28.55	230.38	2.938940594	5.01049505	13.5029703	0.8056	1.745066667	5.138294621	8.966666667	30.70	49.19	78.46	95.90
2019	Palmar	287	0.050	48.55	210.85	8.489899598	14.36726908	14.23935743	0.8056	1.44	4.166666667	6	27.36	41.09	71.02	94.76
2019	Palmar	287	0.100	78.31	215.09	7.969747984	13.51995968	14.37096774	0.8056	1.4016	3.99543379	5.6	24.98	46.71	76.64	95.33
2019	Palmar	287	0.250	95.23	173.05	8.364970703	14.17929688	9.796875	0.8056	1.4912	4.738912732	7.066666667	31.17	57.20	87.13	94.95
2019	Palmar	288	0.025	35.84	457.58	11.36011881	19.3409901	20.94376238	0.1667	1.5904	5.97334004	9.5	37.10	62.97	90.47	95.43
2019	Palmar	288	0.050	63.48	442.29	12.43731329	21.1914646	24.29602328	0.1667				34.16	62.51	93.34	95.97
2019	Palmar	288	0.100	91.00	385.39	14.77390873	25.11507937	24.06230159	0.1667				44.54	74.83	94.19	95.51
2019	Palmar	288	0.250	95.97	418.51	13.33570571	22.75615616	23.50830831	0.1667				27.58	53.60	85.98	96.98
2019	Palmar	289	0.025	16.40	216.79	0.680252918	1.205252918	13.60155642	0.9048	1.518933333	5.44241573	8.266666667	15.55	27.12	51.73	87.18
2019	Palmar	289	0.050	29.61	227.83	0.402416918	0.712990937	18.06686808	0.9048	1.728	4.726080247	8.166666667	22.18	40.97	69.42	95.28
2019	Palmar	289	0.100	56.60	378.17	1.401321897	2.46740666	15.82643794	0.9048	1.493333333	6.227678571	9.3	16.21	28.59	56.82	93.29
2019	Palmar	289	0.250	91.40	175.18	0.287344199	0.509108341	13.5831256	0.9048				11.64	21.74	48.42	89.83
2019	Gualeguaychu	305	0.025	45.54	186.64	4.59490566	7.883217478	14.76981132	0.8333	1.506133333	3.186968839	4.8	42.27	51.92	74.13	95.44
2019	Gualeguaychu	305	0.050	72.97	207.88	10.78331	18.4792	21.328	0.8333	1.949866667	3.812226477	7.433333333	43.22	62.17	85.73	96.21
2019	Gualeguaychu	305	0.100	91.68	244.82	0.78972332	1.399209486	10.89011858	0.8333	1.646933333	3.440738342	5.666666667	43.46	59.92	85.14	97.04
2019	Gualeguaychu	305	0.250	95.64	279.64	3.515735887	6.059677419	16.19879032	0.8333	1.847466667	3.337904157	6.166666667	47.66	67.79	90.35	96.74
2019	Gualeguaychu	306	0.025	82.65	872.69	46.18646712	78.66849853	23.66908734	0				6.72	38.21	80.54	94.98
2019	Gualeguaychu	306	0.050	83.45	2962.07	39.59489933	67.39942474	20.45522531	0				46.24	70.11	94.58	95.99
2019	Gualeguaychu	306	0.100	88.67	2091.49	51.14416087	87.02025819	25.08599801	0				53.06	86.36	95.19	93.98
2019	Gualeguaychu	306	0.250	88.57	3085.22	53.56334956	91.24264849	28.86270691	0				76.13	97.19	96.39	97.59
2019	Gualeguaychu	321	0.025	44.15	424.46	15.67568452	26.72797619	11.50674603	0	1.141333333	7.797897196	8.9	82.55	85.16	88.16	86.56
2019	Gualeguaychu	321	0.050	60.45	525.10	6.110838095	10.41961905	6.519238095	0	1.162666667	7.654816514	8.9	83.95	86.36	89.37	87.96
2019	Gualeguaychu	321	0.100	83.84	565.87	11.09527536	18.90550725	9.506859903	0				82.15	78.34	87.96	89.57
2019	Gualeguaychu	321	0.250	96.36	437.62	7.854725169	13.40115718	8.418900675	0				81.95	83.95	89.17	90.17
2019	Gualeguaychu	324	0.025	79.06	501.53	18.66739657	31.85650858	16.55660949	0.0333			6.466666667	69.45	94.79	96.21	96.39
2019	Gualeguaychu	324	0.050	94.32	1693.37	16.07081883	27.39488229	12.404913	0.0333				94.91	95.74	95.91	95.80
2019	Gualeguaychu	324	0.100	96.02	775.87	18.23190809	31.02077922	13.70669331	0.0333				88.45	95.68	96.27	96.15
2019	Gualeguaychu	324	0.250	96.05	1315.41	16.47489716	28.03761019	13.8244858	0.0333				63.41	91.06	95.68	95.86
2019	Gualeguaychu	325	0.025	94.90	1697.61	24.46559086	41.60278054	13.41608739	0.037	0.64	13.88020833	8.883333333	93.11	94.90	94.98	95.41
2019	Gualeguaychu	325	0.050	95.64	1580.83	21.53330693	36.5790099	10.70693069	0.037				94.90	94.73	96.94	97.19
2019	Gualeguaychu	325	0.100	97.05	1379.11	26.60242515	45.25808383	14.2247505	0.037				94.90	95.58	98.30	99.15
2019	Gualeguaychu	325	0.250	97.58	1455.55	24.42605315	41.51811024	11.80944882	0.037				96.68	97.36	97.96	98.55
2019	Gualeguaychu	331	0.025	45.39	626.39	25.6641126	43.59045802	13.74007634	0.0278	0.68864	6.002168525	4.133333333	43.71	78.72	94.51	94.81
2019	Gualeguaychu	331	0.050	72.06	686.69	27.71987026	47.11596806	14.95289421	0.0278				48.97	71.70	94.36	95.35
2019	Gualeguaychu	331	0.100	94.13	701.98	25.17530754	42.77103175	13.34126984	0.0278				46.22	72.39	94.28	95.04
2019	Gualeguaychu	331	0.250	95.02	500.68	29.83139369	50.74079349	14.19125127	0.0278				42.64	65.45	93.36	94.89
2019	Gualeguaychu	337	0.025	92.69	2304.89	15.4131219	26.18810704	10.04162537	0				93.74	95.23	95.73	96.02
2019	Gualeguaychu	337	0.050	93.17	1776.18	14.99686948	25.50657507	7.178017664	0				94.33	93.94	95.33	95.43
2019	Gualeguaychu	337	0.100	94.28	2684.97	17.21654271	29.33688442	8.149949749	0				92.05	91.65	93.44	94.83
2019	Gualeguaychu	337	0.250	94.98	2642.50	12.77753493	21.73932136	8.245508982	0				90.66	91.85	92.64	93.64
2019	Gualeguaychu	362	0.025	65.56	1143.42	21.09909091	35.99393939	15.53494949	0				61.80	91.96	95.43	95.43
2019	Gualeguaychu	362	0.050	88.39	899.24	15.67378558	26.79924099	13.00910816	0				64.31	91.13	94.92	95.31
2019	Gualeguaychu	362	0.100	94.74	1338.77	16.83713265	28.75591837	9.868163265	0				55.05	77.11	94.02	95.56
2019	Gualeguaychu	362	0.250	95.27	608.34	15.45489919	26.36612903	11.95241935	0				81.09	93.38	94.60	94.79
2019	Gualeguaychu	363	0.025	21.47	524.47	12.39932406	21.02723658	11.37892644	0.2222	0.9088	8.729460094	7.933333333	28.34	51.39	85.43	95.04
2019	Gualeguaychu	363	0.050	37.13	573.73	9.376846307	15.85129741	10.84231537	0.2222				22.78	41.83	75.46	94.39
2019	Gualeguaychu	363	0.100	57.61	483.70	7.736391853	13.08477207	12.17807953	0.2222				15.92	20.33	41.48	82.74
2019	Gualeguaychu	363	0.250	90.91	826.83	7.119219858	12.04093212	11.47152989	0.2222				18.84	34.97	28.10	91.46
2021	Concordia	154	0.025	95.29	863.35											
2021	Concordia	154	0.050	95.40	1022.18											
2021	Concordia	154	0.100	95.66	985.66											
2021	Concordia	154	0.250	94.97	931.30											
2021	Concordia	156	0.025	39.43		3.046155378	5.184063745	13.79880478	0.166666667							
2021	Concordia	156	0.050	69.70		1.047355289	1.779441118	11.71776447	0.166666667							
2021	Concordia	156	0.100	91.85		2.297298387	3.885483871	6.337096774	0.166666667							
2021	Concordia	156	0.250	96.14		3.054559118	5.182364729	6.558316633	0.166666667							
2021	Concordia	161	0.025	83.09	802.20	15.55418905	26.40318408	11.83920398	0.166666667							
2021	Concordia	161	0.050	91.88	911.76	10.3857014	17.58977956	8.289779559	0.166666667							
2021	Concordia	161	0.100	95.29	727.46	11.38127638	19.28984925	9.086231156	0.166666667							
2021	Concordia	161	0.250	95.57	716.59	11.04560561	18.71391391	10.23823824	0.166666667							
2021	Concordia	171	0.025	85.72	568.63	0.572592965	0.968442211	13.61768844	0.916666667							
2021	Concordia	171	0.050	96.25	871.85	3.109910537	5.251888668	9.969383698	0.916666667							
2021	Concordia	171	0.100	95.96	803.05	1.615753012	2.724698795	12.74457831	0.916666667							
2021	Concordia	171	0.250	84.36	896.48	1.032333664	1.738033764	11.98728898	0.916666667							
2021	Concordia	174	0.025	95.60	1670.01				0.454545455							
2021	Concordia	174	0.050	95.57	1701.86				0.454545455							
2021	Concordia	174	0.100	95.94	1863.24				0.454545455							
2021	Concordia	174	0.250	96.16	1370.62				0.454545455							
2021	Concordia	193	0.025	100.00	1861.11				0.666666667							
2021	Concordia	193	0.050	100.00	2684.97				0.666666667							
2021	Concordia	193	0.100	100.00	2120.16				0.666666667							
2021	Concordia	193	0.250	100.00	2546.95				0.666666667							
2021	Concordia	197			1506.51				0.055555556							
2021	Concordia	197			2474.76				0.055555556							
2021	Concordia	198	0.025	63.67	314.68	2.983186373	5.25490982	8.24008016	0.805555556							
2021	Concordia	198	0.050	88.67	281.56	1.02761477	1.713972056	6.873053892	0.805555556							
2021	Concordia	198	0.100	96.56	403.86	1.036450648	1.744965105	9.376271186	0.805555556							
2021	Concordia	198	0.250	97.00	304.49	0.945331992	1.582696177	4.892152918	0.805555556							
2021	Concordia	199	0.025	72.88	499.84	0.657111554	1.103386454	12.49521912	0.861111111							
2021	Concordia	199	0.050	93.68	500.68	1.694217348	2.849451645	10.1670987	0.861111111							
2021	Concordia	199	0.100	95.98	361.39	0.467492537	0.782686567	9.817711443	0.861111111							
2021	Concordia	199	0.250	96.23	460.77	0.747507478	1.248255234	6.684346959	0.861111111							
2021	Concordia	221	0.025	95.89	923.66	1.593027888	2.670318725	6.2187251	0.75							
2021	Concordia	221	0.050	96.25	1168.55	2.093196393	3.540280561	8.008416834	0.75							
2021	Concordia	221	0.100	96.25	966.12	2.840129611	4.803589232	10.1778664	0.75							
2021	Concordia	221	0.250	96.15	934.98	1.540193878	2.588571429	8.272244898	0.75							
2021	Concordia	222	0.025	43.49	332.52	1.818180905	3.08321608	6.622713568	0.527777778							
2021	Concordia	222	0.050	74.17	413.20	1.155125628	1.969849246	6.506934673	0.527777778							
2021	Concordia	222	0.100	94.18	308.73	1.351853707	2.318637275	7.21002004	0.527777778							
2021	Concordia	222	0.250	95.48	367.34	1.253009027	2.143430291	6.06218656	0.527777778							
2021	Concordia	223	0.025	85.88	1776.18	1.730208955	2.974328358	8.56358209	0.583333333							
2021	Concordia	223	0.050	94.79	761.43	1.050500501	1.784784785	6.052052052	0.583333333							
2021	Concordia	223	0.100	95.75	464.16	0.767228315	1.313659023	5.665802592	0.583333333							
2021	Concordia	223	0.250	95.64	875.24	1.532234469	2.60761523	7.507014028	0.583333333							
2021	Palmar	236	0.025	54.45	423.40	2.265328032	3.831411531	8.989662028	0.555555556							
2021	Palmar	236	0.050	84.77	416.60	1.133791045	1.91761194	7.715024876	0.555555556							
2021	Palmar	236	0.100	95.70	408.11	0.298803589	0.529411765	8.987437687	0.555555556							
2021	Palmar	236	0.250	95.83	436.98	1.332597015	2.269850746	10.00676617	0.555555556							
2021	Palmar	260	0.025	46.08	250.98	1.687487587	2.838133069	6.670506455	0.75							
2021	Palmar	260	0.050	74.40	272.21	1.611124378	2.732935323	6.095522388	0.75							
2021	Palmar	260	0.100	93.15	376.68	4.799075547	8.092842942	7.840159046	0.75							
2021	Palmar	260	0.250	96.08	238.24	1.797402597	3.031968032	6.00959041	0.75							
2021	Palmar	261	0.025	54.41	269.66	1.144036145	1.934939759	39.46104418	0.777777778							
2021	Palmar	261	0.050	83.56	392.82	1.004865672	1.64358209	10.0278607	0.777777778							
2021	Palmar	261	0.100	96.13	397.91	1.035418327	1.743227092	7.746215139	0.777777778							
2021	Palmar	261	0.250	96.27	283.25	0.221465863	0.269678715	8.524497992	0.777777778							
2021	Palmar	262	0.025	37.64	494.74	1.708827038	2.906163022	10.96341948	0.5							
2021	Palmar	262	0.050	61.97	272.21	0.9604004	1.64044044	10.04364364	0.5							
2021	Palmar	262	0.100	90.16	271.36	1.24558794	2.114773869	9.631356784	0.5							
2021	Palmar	262	0.250	95.99	202.57	0.857824351	1.458882236	10.26267465	0.5							
2021	Palmar	268	0.025	23.23	295.14	0.289231537	0.497205589	13.92694611	1							
2021	Palmar	268	0.050	42.57	310.43	0.482130653	0.823517588	18.80643216	1							
2021	Palmar	268	0.100	70.85	269.66	0.750500501	1.253253253	19.42502503	1							
2021	Palmar	268	0.250	95.55	231.44	0.666962151	1.136055777	18.96454183	1							
2021	Palmar	271	0.025	36.59	255.23	3.222248756	5.465870647	8.548059701	0.5							
2021	Palmar	271	0.050	60.17	255.23	3.51695825	5.988270378	9.277932406	0.5							
2021	Palmar	271	0.100	88.76	269.66	2.197701493	3.757014925	8.846567164	0.5							
2021	Palmar	271	0.250	95.15	262.02	2.585924076	4.413786214	11.84015984	0.5							
2021	Palmar	272	0.025	60.72	729.16	0.647260956	1.070717131	13.31912351	0.625							
2021	Palmar	272	0.050	91.59	476.05	1.135246231	1.903919598	15.98311558	0.625							
2021	Palmar	272	0.100	95.91	430.19	1.797402597	3.031968032	10.88631369	0.625							
2021	Palmar	272	0.250	95.93	523.62	0.94670987	1.601196411	10.01714855	0.625							
2021	Palmar	274	0.025	69.15	742.11	12.10053159	20.47402207	12.54202608	0.166666667							
2021	Palmar	274	0.050	89.27	672.04	16.55124748	28.03400402	14.27605634	0.166666667							
2021	Palmar	274	0.100	95.89	472.44	9.95544	16.8138	12.3136	0.166666667							
2021	Palmar	274	0.250	95.87	451.21	10.29673367	17.39899497	10.90974874	0.166666667							
2021	Palmar	276	0.025	55.66	288.35	2.275857573	3.833099298	13.02868606	0.833333333							
2021	Palmar	276	0.050	84.34	320.63	3.681047904	6.201796407	14.65868263	0.833333333							
2021	Palmar	276	0.100	95.55	330.82	3.272302302	5.446046046	15.27687688	0.833333333							
2021	Palmar	276	0.250	95.99	304.49	3.32917495	5.51888668	13.10735586	0.833333333							
2021	Palmar	280	0.025	59.17	334.21	5.535697211	9.29063745	15.37091633	0.75							
2021	Palmar	280	0.050	78.73	410.65	0.905462687	1.467462687	6.813134328	0.75							
2021	Palmar	280	0.100	95.53	482.00	1.848449304	3.062425447	13.33399602	0.75							
2021	Palmar	280	0.250	95.93	291.75	1.384173307	2.285059761	6.324302789	0.75							
2021	Palmar	284	0.025	75.02	550.80	0.9802002	1.706106106	11.05705706	0.805555556							
2021	Palmar	284	0.050	89.52	445.48	0.787734531	1.380439122	11.10259481	0.805555556							
2021	Palmar	284	0.100	95.43	384.33	1.3604004	2.349149149	11.84944945	0.805555556							
2021	Palmar	284	0.250	95.34	425.09	0.610511022	1.096993988	9.038476954	0.805555556							
2021	Palmar	285	0.025	67.14	354.60	0.059361914	0.166101695	9.774197408	0.638888889							
2021	Palmar	285	0.050	93.17	352.90	1.063910448	1.839402985	7.248159204	0.638888889							
2021	Palmar	285	0.100	96.43	380.93	0.891885657	1.564894684	8.051755266	0.638888889							
2021	Palmar	285	0.250	96.41	384.33	1.63080597	2.798208955	9.351641791	0.638888889							
2021	Palmar	286	0.025	39.96	1090.34	0.511949749	0.92241206	10.45226131	0.833333333							
2021	Palmar	286	0.050	67.94	1171.02	0.511435743	0.921485944	9.034939759	0.833333333							
2021	Palmar	286	0.100	89.13	892.87	2.108139303	3.613532338	11.64497512	0.833333333							
2021	Palmar	286	0.250	96.25	1073.35	0.50201005	0.889447236	7.649447236	0.833333333							
2021	Palmar	287	0.025	26.65	865.26	2.225255767	3.820060181	13.02948847	0.527777778							
2021	Palmar	287	0.050	46.22	916.22	3.115564436	5.245354645	10.71008991	0.527777778							
2021	Palmar	287	0.100	76.00	986.29	4.200511535	7.120561685	15.56589769	0.527777778							
2021	Palmar	287	0.250	95.41	638.07	2.468859127	4.207539683	12.45396825	0.527777778							
2021	Palmar	288	0.025	46.93	254.38	0.974348259	1.695920398	13.10487562	0.8							
2021	Palmar	288	0.050	72.72	296.84	0.321085427	0.59959799	12.93909548	0.8							
2021	Palmar	288	0.100	94.04	288.35	0.421911469	0.778269618	14.11066398	0.8							
2021	Palmar	288	0.250	96.08	139.72	1.450238569	2.508747515	17.58449304	0.8							
2021	Palmar	289	0.025	81.79	602.61	6.573422886	11.20577114	20.40517413	0.527777778							
2021	Palmar	289	0.050	95.49	803.05	6.51628	11.1176	14.9576	0.527777778							
2021	Palmar	289	0.100	95.67	594.11	6.464179104	10.99701493	19.99243781	0.527777778							
2021	Palmar	289	0.250	95.87	661.21	5.679457831	9.694578313	15.26706827	0.527777778							
2021	Palmar	290	0.025	36.32	216.16	-0.537908367	-0.861752988	12.75537849	0.8							
2021	Palmar	290	0.050	64.46	217.01	-0.070653924	-0.079074447	11.62374245	0.8							
2021	Palmar	290	0.100	88.93	226.35	0.601807229	1.06626506	11.56626506	0.8							
2021	Palmar	290	0.250	95.98	258.62	0.59641791	1.056716418	11.23781095	0.8							
2021	Gualeguaychu	305	0.025	36.08	239.94	6.22747	10.4684	9.6128	0.444444444							
2021	Gualeguaychu	305	0.050	62.83	241.64	3.743665339	6.267729084	11.04501992	0.444444444							
2021	Gualeguaychu	305	0.100	88.99	237.39	4.437144289	7.448296593	11.25851703	0.444444444							
2021	Gualeguaychu	305	0.250	95.92	241.64	4.94755511	8.367935872	11.17194389	0.444444444							
2021	Gualeguaychu	306	0.025	93.67	1032.65	17.82081673	30.05278884	14.46972112	0.277777778							
2021	Gualeguaychu	306	0.050	96.30	1123.25	13.63228628	22.96878728	13.15387674	0.277777778							
2021	Gualeguaychu	306	0.100	96.13	998.68	8.674088176	14.54188377	9.384769539	0.277777778							
2021	Gualeguaychu	306	0.250	96.42	855.71	14.69301603	24.76212425	13.90621242	0.277777778							
2021	Gualeguaychu	321	0.025	31.08	276.46	6.492310757	10.77250996	13.95139442	0.222222222							
2021	Gualeguaychu	321	0.050	80.21	289.20	6.620613065	11.10070352	8.984924623	0.222222222							
2021	Gualeguaychu	321	0.100	80.73	270.51	6.594101796	11.08862275	12.72934132	0.222222222							
2021	Gualeguaychu	321	0.250	79.34	242.49	6.517507478	10.99920239	15.53858425	0.222222222							
2021	Gualeguaychu	324	0.025	25.68	372.43	17.71790791	30.18398398	8.152152152	0							
2021	Gualeguaychu	324	0.050	78.17	317.23	24.15053785	41.05458167	11.33067729	0							
2021	Gualeguaychu	324	0.100	86.39	331.67	21.52414659	36.67871486	10.0124498	0							
2021	Gualeguaychu	324	0.250	85.87	320.63	16.03536145	27.30662651	7.554618474	0							
2021	Gualeguaychu	325	0.025	90.06	396.22	10.77619238	18.26633267	9.612825651	0.138888889							
2021	Gualeguaychu	325	0.050	95.96	384.33	13.2998593	22.55095477	9.734271357	0.138888889							
2021	Gualeguaychu	325	0.100	97.15	407.26	5.501888112	9.305494505	9.231568432	0.138888889							
2021	Gualeguaychu	325	0.250	96.53	449.72	12.27392	20.7994	10.274	0.138888889							
2021	Gualeguaychu	331	0.025	62.40	362.24	4.641995988	7.810832497	8.275626881	0.5							
2021	Gualeguaychu	331	0.050	91.10	503.23	5.142998997	8.698495486	11.82948847	0.5							
2021	Gualeguaychu	331	0.100	96.07	424.24	2.651501502	4.468468468	12.52812813	0.5							
2021	Gualeguaychu	331	0.250	96.34	399.61	7.583539382	12.84227318	11.98564307	0.5							
2021	Gualeguaychu	337	0.025	87.99	538.90	4.245403789	7.156331007	9.180857428	0.5							
2021	Gualeguaychu	337	0.050	96.26	468.41	5.228604418	8.819076305	12.34417671	0.5							
2021	Gualeguaychu	337	0.100	96.11	508.33	5.037745491	8.51242485	9.576753507	0.5							
2021	Gualeguaychu	337	0.250	96.51	521.92	3.859024876	6.502885572	11.07343284	0.5							
2021	Gualeguaychu	348	0.025	35.97	285.80	11.77442	19.9144	15.4996	0.166666667							
2021	Gualeguaychu	348	0.050	63.51	266.27	7.69521608	12.95859296	11.58150754	0.166666667							
2021	Gualeguaychu	348	0.100	91.55	273.06	8.475318091	14.30258449	11.05964215	0.166666667							
2021	Gualeguaychu	348	0.250	96.45	262.87	7.257778884	12.23525896	10.22549801	0.166666667							
2021	Gualeguaychu	357	0.025	91.73	1523.85	15.73733598	26.72882704	10.56739563	0							
2021	Gualeguaychu	357	0.050	95.49	857.12	14.13716298	24.06418511	9.390342052	0							
2021	Gualeguaychu	357	0.100	96.01	966.12	15.93506024	27.12891566	10.39196787	0							
2021	Gualeguaychu	357	0.250	83.29	954.80	16.57455179	28.2250996	11.46733068	0							
2021	Gualeguaychu	362	0.025	64.65	311.28	24.8372012	42.2559761	19.05816733	0							
2021	Gualeguaychu	362	0.050	94.03	348.65	21.13663673	35.90938124	16.03552894	0							
2021	Gualeguaychu	362	0.100	93.51	318.08	17.04455357	28.97142857	12.70753968	0							
2021	Gualeguaychu	362	0.250	95.43	380.08	16.35925373	27.84477612	11.27800995	0							
2021	Gualeguaychu	363	0.025	86.65	411.50	2.476243756	4.204195804	14.81238761	0.333333333							
2021	Gualeguaychu	363	0.050	95.87	358.00	3.896002004	6.581362725	14.17194389	0.333333333							
2021	Gualeguaychu	363	0.100	95.87	638.28	4.234518072	7.226506024	12.95381526	0.333333333							
2021	Gualeguaychu	363	0.250	95.90	497.29	2.277422886	3.867860697	15.14666667	0.333333333							
2021	Gualeguaychu	364	0.025	86.69	527.86	6.483532934	11.02994012	19.28542914	0.2							
2021	Gualeguaychu	364	0.050	95.78	457.37	5.824563691	9.875426279	10.87502508	0.2							
2021	Gualeguaychu	364	0.100	95.95	638.28	5.536478131	9.464652087	10.35407555	0.2							
2021	Gualeguaychu	364	0.250	95.98	544.00				0.2							
2021	Gualeguaychu	390	0.025	59.89	380.08	4.62115346	7.896489468	9.504914744	0.611111111							
2021	Gualeguaychu	390	0.050	89.02	470.11	4.95741517	8.432734531	15.68782435	0.611111111							
2021	Gualeguaychu	390	0.100	95.82	431.89	4.360378486	7.390836653	17.40478088	0.611111111							
2021	Gualeguaychu	390	0.250	96.09	472.66	6.229038076	10.60781563	15.01322645	0.611111111							
2021	Gualeguaychu	392	0.025	38.50	354.60	6.294001996	10.70938124	15.43952096	0.166666667							
2021	Gualeguaychu	392	0.050	72.71	330.82	4.089720559	6.941117764	10.62634731	0.166666667							
2021	Gualeguaychu	392	0.100	92.25	217.86	2.811445783	4.521084337	8.025301205	0.166666667							
2021	Gualeguaychu	392	0.250	95.86	319.78	3.22887674	5.49304175	11.94075547	0.166666667							
2021	Gualeguaychu	395	0.025	96.63	1086.44	11.71230151	19.92241206	16.60582915	0.055555556							
2021	Gualeguaychu	395	0.050	95.90	1586.14	1.041979899	0.648542714	10.13563819	0.055555556							
2021	Gualeguaychu	395	0.100	96.63	1543.67	20.76547809	35.36135458	19.82948207	0.055555556							
2021	Gualeguaychu	395	0.250	96.59	959.04	13.11590591	22.33613614	12.13573574	0.055555556							
2021	Gualeguaychu	396	0.025	62.17	473.51	2.202122736	3.732595573	7.38028169	0.361111111							
2021	Gualeguaychu	396	0.050	90.35	585.62	3.045404595	5.166833167	7.893306693	0.361111111							
2021	Gualeguaychu	396	0.100	95.98	570.33	1.899492537	3.228656716	8.017512438	0.361111111							
2021	Gualeguaychu	396	0.250	95.98	448.88	4.218894472	7.167839196	10.04140704	0.361111111							
